0.161684
0.161406
0.161130
0.160854
0.160580
0.160308
0.160036
0.159766
0.159497
0.159229
0.158962
0.158696
0.158431
0.158167
0.157904
0.157642
0.157380
0.157120
0.156861
0.156602
0.156344
0.156087
0.155831
0.155576
0.155321
0.155067
0.154814
0.154561
0.154309
0.154058
0.153807
0.153557
0.153307
0.153058
0.152810
0.152562
0.152314
0.152068
0.151821
0.151576
0.151330
0.151085
0.150841
0.150597
0.150354
0.150111
0.149868
0.149626
0.149384
0.149143
0.148902
0.148661
0.148421
0.148181
0.147942
0.147703
0.147464
0.147226
0.146988
0.146750
0.146513
0.146276
0.146039
0.145803
0.145567
0.145331
0.145095
0.144860
0.144625
0.144391
0.144156
0.143922
0.143689
0.143455
0.143222
0.142989
0.142756
0.142524
0.142292
0.142060
0.141829
0.141597
0.141366
0.141136
0.140905
0.140675
0.140445
0.140215
0.139986
0.139756
0.139527
0.139299
0.139070
0.138842
0.138614
0.138386
0.138158
0.137931
0.137704
0.137477
0.137251
0.137025
0.136799
0.136573
0.136347
0.136122
0.135897
0.135672
0.135447
0.135223
0.134999
0.134775
0.134552
0.134328
0.134105
0.133882
0.133660
0.133437
0.133215
0.132993
0.132772
0.132550
0.132329
0.132108
0.131888
0.131668
0.131448
0.131228
0.131008
0.130789
0.130570
0.130351
0.130133
0.129914
0.129696
0.129479
0.129261
0.129044
0.128827
0.128611
0.128394
0.128178
0.127962
0.127747
0.127532
0.127317
0.127102
0.126888
0.126673
0.126460
0.126246
0.126033
0.125820
0.125607
0.125395
0.125183
0.124971
0.124759
0.124548
0.124337
0.124126
0.123916
0.123706
0.123496
0.123287
0.123078
0.122869
0.122660
0.122452
0.122244
0.122036
0.121829
0.121622
0.121415
0.121209
0.121003
0.120797
0.120592
0.120387
0.120182
0.119977
0.119773
0.119569
0.119366
0.119163
0.118960
0.118757
0.118555
0.118353
0.118152
0.117950
0.117750
0.117549
0.117349
0.117149
0.116949
0.116750
0.116551
0.116353
0.116154
0.115957
0.115759
0.115562
0.115365
0.115168
0.114972
0.114776
0.114581
0.114386
0.114191
0.113997
0.113803
0.113609
0.113415
0.113222
0.113030
0.112837
0.112645
0.112454
0.112262
0.112071
0.111881
0.111691
0.111501
0.111311
0.111122
0.110933
0.110745
0.110557
0.110369
0.110181
0.109994
0.109808
0.109621
0.109435
0.109250
0.109065
0.108880
0.108695
0.108511
0.108327
0.108144
0.107961
0.107778
0.107596
0.107414
0.107232
0.107051
0.106870
0.106689
0.106509
0.106329
0.106150
0.105971
0.105792
0.105614
0.105436
0.105258
0.105081
0.104904
0.104727
0.104551
0.104375
0.104200
0.104025
0.103850
0.103676
0.103502
0.103328
0.103155
0.102982
0.102809
0.102637
0.102465
0.102294
0.102123
0.101952
0.101781
0.101611
0.101442
0.101273
0.101104
0.100935
0.100767
0.100599
0.100432
0.100264
0.100098
0.099931
0.099765
0.099599
0.099434
0.099269
0.099105
0.098940
0.098776
0.098613
0.098450
0.098287
0.098124
0.097962
0.097801
0.097639
0.097478
0.097317
0.097157
0.096997
0.096837
0.096678
0.096519
0.096361
0.096202
0.096045
0.095887
0.095730
0.095573
0.095417
0.095260
0.095105
0.094949
0.094794
0.094639
0.094485
0.094331
0.094177
0.094024
0.093871
0.093718
0.093566
0.093414
0.093262
0.093111
0.092960
0.092809
0.092659
0.092509
0.092360
0.092210
0.092061
0.091913
0.091765
0.091617
0.091469
0.091322
0.091175
0.091028
0.090882
0.090736
0.090591
0.090445
0.090300
0.090156
0.090012
0.089868
0.089724
0.089581
0.089438
0.089295
0.089153
0.089011
0.088869
0.088728
0.088587
0.088446
0.088306
0.088166
0.088026
0.087887
0.087748
0.087609
0.087470
0.087332
0.087194
0.087057
0.086920
0.086783
0.086646
0.086510
0.086374
0.086238
0.086103
0.085968
0.085833
0.085699
0.085565
0.085431
0.085298
0.085164
0.085032
0.084899
0.084767
0.084635
0.084503
0.084372
0.084241
0.084110
0.083980
0.083849
0.083720
0.083590
0.083461
0.083332
0.083203
0.083075
0.082947
0.082819
0.082691
0.082564
0.082437
0.082311
0.082184
0.082058
0.081932
0.081807
0.081682
0.081557
0.081432
0.081308
0.081184
0.081060
0.080937
0.080813
0.080691
0.080568
0.080446
0.080323
0.080202
0.080080
0.079959
0.079838
0.079717
0.079597
0.079477
0.079357
0.079237
0.079118
0.078999
0.078880
0.078761
0.078643
0.078525
0.078408
0.078290
0.078173
0.078056
0.077939
0.077823
0.077707
0.077591
0.077475
0.077360
0.077245
0.077130
0.077016
0.076901
0.076787
0.076674
0.076560
0.076447
0.076334
0.076221
0.076108
0.075996
0.075884
0.075772
0.075661
0.075550
0.075439
0.075328
0.075217
0.075107
0.074997
0.074887
0.074778
0.074669
0.074560
0.074451
0.074342
0.074234
0.074126
0.074018
0.073911
0.073803
0.073696
0.073590
0.073483
0.073377
0.073270
0.073165
0.073059
0.072953
0.072848
0.072743
0.072639
0.072534
0.072430
0.072326
0.072222
0.072118
0.072015
0.071912
0.071809
0.071707
0.071604
0.071502
0.071400
0.071298
0.071197
0.071095
0.070994
0.070894
0.070793
0.070692
0.070592
0.070492
0.070393
0.070293
0.070194
0.070095
0.069996
0.069897
0.069799
0.069701
0.069603
0.069505
0.069407
0.069310
0.069213
0.069116
0.069019
0.068923
0.068826
0.068730
0.068634
0.068539
0.068443
0.068348
0.068253
0.068158
0.068063
0.067969
0.067875
0.067781
0.067687
0.067593
0.067500
0.067407
0.067314
0.067221
0.067128
0.067036
0.066944
0.066852
0.066760
0.066668
0.066577
0.066485
0.066394
0.066304
0.066213
0.066123
0.066032
0.065942
0.065852
0.065763
0.065673
0.065584
0.065495
0.065406
0.065317
0.065229
0.065140
0.065052
0.064964
0.064877
0.064789
0.064702
0.064614
0.064527
0.064441
0.064354
0.064267
0.064181
0.064095
0.064009
0.063923
0.063838
0.063752
0.063667
0.063582
0.063497
0.063413
0.063328
0.063244
0.063160
0.063076
0.062992
0.062908
0.062825
0.062742
0.062659
0.062576
0.062493
0.062411
0.062328
0.062246
0.062164
0.062082
0.062000
0.061919
0.061838
0.061756
0.061675
0.061595
0.061514
0.061433
0.061353
0.061273
0.061193
0.061113
0.061033
0.060954
0.060875
0.060795
0.060716
0.060637
0.060559
0.060480
0.060402
0.060324
0.060246
0.060168
0.060090
0.060012
0.059935
0.059858
0.059781
0.059704
0.059627
0.059550
0.059474
0.059398
0.059322
0.059246
0.059170
0.059094
0.059019
0.058943
0.058868
0.058793
0.058718
0.058643
0.058569
0.058494
0.058420
0.058346
0.058272
0.058198
0.058124
0.058051
0.057977
0.057904
0.057831
0.057758
0.057685
0.057613
0.057540
0.057468
0.057395
0.057323
0.057251
0.057180
0.057108
0.057037
0.056965
0.056894
0.056823
0.056752
0.056681
0.056611
0.056540
0.056470
0.056400
0.056329
0.056259
0.056190
0.056120
0.056051
0.055981
0.055912
0.055843
0.055774
0.055705
0.055636
0.055568
0.055499
0.055431
0.055363
0.055295
0.055227
0.055159
0.055092
0.055024
0.054957
0.054890
0.054822
0.054756
0.054689
0.054622
0.054555
0.054489
0.054423
0.054357
0.054291
0.054225
0.054159
0.054093
0.054028
0.053962
0.053897
0.053832
0.053767
0.053702
0.053637
0.053573
0.053508
0.053444
0.053380
0.053315
0.053251
0.053188
0.053124
0.053060
0.052997
0.052933
0.052870
0.052807
0.052744
0.052681
0.052618
0.052555
0.052493
0.052431
0.052368
0.052306
0.052244
0.052182
0.052120
0.052059
0.051997
0.051936
0.051874
0.051813
0.051752
0.051691
0.051630
0.051569
0.051509
0.051448
0.051388
0.051327
0.051267
0.051207
0.051147
0.051087
0.051028
0.050968
0.050909
0.050849
0.050790
0.050731
0.050672
0.050613
0.050554
0.050495
0.050437
0.050378
0.050320
0.050261
0.050203
0.050145
0.050087
0.050029
0.049972
0.049914
0.049857
0.049799
0.049742
0.049685
0.049628
0.049571
0.049514
0.049457
0.049400
0.049344
0.049287
0.049231
0.049175
0.049119
0.049063
0.049007
0.048951
0.048895
0.048840
0.048784
0.048729
0.048674
0.048618
0.048563
0.048508
0.048453
0.048399
0.048344
0.048289
0.048235
0.048180
0.048126
0.048072
0.048018
0.047964
0.047910
0.047856
0.047803
0.047749
0.047696
0.047642
0.047589
0.047536
0.047483
0.047430
0.047377
0.047324
0.047271
0.047219
0.047166
0.047114
0.047061
0.047009
0.046957
0.046905
0.046853
0.046801
0.046749
0.046698
0.046646
0.046595
0.046543
0.046492
0.046441
0.046390
0.046339
0.046288
0.046237
0.046186
0.046135
0.046085
0.046034
0.045984
0.045934
0.045884
0.045834
0.045784
0.045734
0.045684
0.045634
0.045584
0.045535
0.045485
0.045436
0.045387
0.045337
0.045288
0.045239
0.045190
0.045141
0.045093
0.045044
0.044995
0.044947
0.044899
0.044850
0.044802
0.044754
0.044706
0.044658
0.044610
0.044562
0.044514
0.044467
0.044419
0.044371
0.044324
0.044277
0.044229
0.044182
0.044135
0.044088
0.044041
0.043995
0.043948
0.043901
0.043855
0.043808
0.043762
0.043715
0.043669
0.043623
0.043577
0.043531
0.043485
0.043439
0.043393
0.043348
0.043302
0.043256
0.043211
0.043166
0.043120
0.043075
0.043030
0.042985
0.042940
0.042895
0.042850
0.042805
0.042761
0.042716
0.042672
0.042627
0.042583
0.042539
0.042494
0.042450
0.042406
0.042362
0.042318
0.042274
0.042231
0.042187
0.042143
0.042100
0.042056
0.042013
0.041970
0.041926
0.041883
0.041840
0.041797
0.041754
0.041711
0.041669
0.041626
0.041583
0.041541
0.041498
0.041456
0.041413
0.041371
0.041329
0.041287
0.041245
0.041203
0.041161
0.041119
0.041077
0.041035
0.040994
0.040952
0.040911
0.040869
0.040828
0.040787
0.040745
0.040704
0.040663
0.040622
0.040581
0.040540
0.040500
0.040459
0.040418
0.040378
0.040337
0.040296
0.040256
0.040216
0.040175
0.040135
0.040095
0.040055
0.040015
0.039975
0.039935
0.039896
0.039856
0.039816
0.039777
0.039737
0.039698
0.039658
0.039619
0.039580
0.039540
0.039501
0.039462
0.039423
0.039384
0.039345
0.039306
0.039268
0.039229
0.039190
0.039152
0.039113
0.039075
0.039036
0.038998
0.038960
0.038922
0.038884
0.038846
0.038808
0.038770
0.038732
0.038694
0.038656
0.038618
0.038581
0.038543
0.038506
0.038468
0.038431
0.038394
0.038356
0.038319
0.038282
0.038245
0.038208
0.038171
0.038134
0.038097
0.038060
0.038024
0.037987
0.037950
0.037914
0.037877
0.037841
0.037805
0.037768
0.037732
0.037696
0.037660
0.037624
0.037588
0.037552
0.037516
0.037480
0.037444
0.037409
0.037373
0.037337
0.037302
0.037266
0.037231
0.037195
0.037160
0.037125
0.037090
0.037054
0.037019
0.036984
0.036949
0.036914
0.036879
0.036845
0.036810
0.036775
0.036740
0.036706
0.036671
0.036637
0.036602
0.036568
0.036534
0.036499
0.036465
0.036431
0.036397
0.036363
0.036329
0.036295
0.036261
0.036227
0.036193
0.036160
0.036126
0.036092
0.036059
0.036025
0.035992
0.035958
0.035925
0.035892
0.035858
0.035825
0.035792
0.035759
0.035726
0.035693
0.035660
0.035627
0.035594
0.035561
0.035529
0.035496
0.035463
0.035431
0.035398
0.035366
0.035333
0.035301
0.035268
0.035236
0.035204
0.035172
0.035140
0.035107
0.035075
0.035043
0.035011
0.034980
0.034948
0.034916
0.034884
0.034852
0.034821
0.034789
0.034758
0.034726
0.034695
0.034663
0.034632
0.034601
0.034569
0.034538
0.034507
0.034476
0.034445
0.034414
0.034383
0.034352
0.034321
0.034290
0.034259
0.034229
0.034198
0.034167
0.034137
0.034106
0.034076
0.034045
0.034015
0.033984
0.033954
0.033924
0.033893
0.033863
0.033833
0.033803
0.033773
0.033743
0.033713
0.033683
0.033653
0.033623
0.033594
0.033564
0.033534
0.033505
0.033475
0.033445
0.033416
0.033386
0.033357
0.033328
0.033298
0.033269
0.033240
0.033211
0.033181
0.033152
0.033123
0.033094
0.033065
0.033036
0.033007
0.032978
0.032950
0.032921
0.032892
0.032863
0.032835
0.032806
0.032778
0.032749
0.032721
0.032692
0.032664
0.032636
0.032607
0.032579
0.032551
0.032523
0.032494
0.032466
0.032438
0.032410
0.032382
0.032354
0.032326
0.032299
0.032271
0.032243
0.032215
0.032188
0.032160
0.032132
0.032105
0.032077
0.032050
0.032022
0.031995
0.031968
0.031940
0.031913
0.031886
0.031858
0.031831
0.031804
0.031777
0.031750
0.031723
0.031696
0.031669
0.031642
0.031615
0.031589
0.031562
0.031535
0.031508
0.031482
0.031455
0.031429
0.031402
0.031376
0.031349
0.031323
0.031296
0.031270
0.031244
0.031217
0.031191
0.031165
0.031139
0.031113
0.031087
0.031060
0.031034
0.031008
0.030983
0.030957
0.030931
0.030905
0.030879
0.030853
0.030828
0.030802
0.030776
0.030751
0.030725
0.030700
0.030674
0.030649
0.030623
0.030598
0.030573
0.030547
0.030522
0.030497
0.030472
0.030446
0.030421
0.030396
0.030371
0.030346
0.030321
0.030296
0.030271
0.030246
0.030221
0.030197
0.030172
0.030147
0.030122
0.030098
0.030073
0.030048
0.030024
0.029999
0.029975
0.029950
0.029926
0.029902
0.029877
0.029853
0.029829
0.029804
0.029780
0.029756
0.029732
0.029708
0.029683
0.029659
0.029635
0.029611
0.029587
0.029563
0.029540
0.029516
0.029492
0.029468
0.029444
0.029421
0.029397
0.029373
0.029350
0.029326
0.029302
0.029279
0.029255
0.029232
0.029209
0.029185
0.029162
0.029138
0.029115
0.029092
0.029069
0.029045
0.029022
0.028999
0.028976
0.028953
0.028930
0.028907
0.028884
0.028861
0.028838
0.028815
0.028792
0.028769
0.028747
0.028724
0.028701
0.028678
0.028656
0.028633
0.028610
0.028588
0.028565
0.028543
0.028520
0.028498
0.028475
0.028453
0.028431
0.028408
0.028386
0.028364
0.028341
0.028319
0.028297
0.028275
0.028253
0.028231
0.028209
0.028187
0.028165
0.028143
0.028121
0.028099
0.028077
0.028055
0.028033
0.028011
0.027990
0.027968
0.027946
0.027924
0.027903
0.027881
0.027860
0.027838
0.027816
0.027795
0.027773
0.027752
0.027731
0.027709
0.027688
0.027666
0.027645
0.027624
0.027603
0.027581
0.027560
0.027539
0.027518
0.027497
0.027476
0.027455
0.027434
0.027413
0.027392
0.027371
0.027350
0.027329
0.027308
0.027287
0.027266
0.027246
0.027225
0.027204
0.027183
0.027163
0.027142
0.027122
0.027101
0.027080
0.027060
0.027039
0.027019
0.026998
0.026978
0.026958
0.026937
0.026917
0.026897
0.026876
0.026856
0.026836
0.026816
0.026795
0.026775
0.026755
0.026735
0.026715
0.026695
0.026675
0.026655
0.026635
0.026615
0.026595
0.026575
0.026555
0.026535
0.026516
0.026496
0.026476
0.026456
0.026437
0.026417
0.026397
0.026378
0.026358
0.026338
0.026319
0.026299
0.026280
0.026260
0.026241
0.026221
0.026202
0.026182
0.026163
0.026144
0.026124
0.026105
0.026086
0.026067
0.026047
0.026028
0.026009
0.025990
0.025971
0.025952
0.025933
0.025914
0.025895
0.025876
0.025857
0.025838
0.025819
0.025800
0.025781
0.025762
0.025743
0.025725
0.025706
0.025687
0.025668
0.025650
0.025631
0.025612
0.025594
0.025575
0.025556
0.025538
0.025519
0.025501
0.025482
0.025464
0.025445
0.025427
0.025409
0.025390
0.025372
0.025354
0.025335
0.025317
0.025299
0.025280
0.025262
0.025244
0.025226
0.025208
0.025190
0.025171
0.025153
0.025135
0.025117
0.025099
0.025081
0.025063
0.025045
0.025027
0.025010
0.024992
0.024974
0.024956
0.024938
0.024920
0.024903
0.024885
0.024867
0.024849
0.024832
0.024814
0.024797
0.024779
0.024761
0.024744
0.024726
0.024709
0.024691
0.024674
0.024656
0.024639
0.024621
0.024604
0.024587
0.024569
0.024552
0.024535
0.024517
0.024500
0.024483
0.024466
0.024448
0.024431
0.024414
0.024397
0.024380
0.024363
0.024346
0.024329
0.024312
0.024295
0.024278
0.024261
0.024244
0.024227
0.024210
0.024193
0.024176
0.024159
0.024142
0.024126
0.024109
0.024092
0.024075
0.024059
0.024042
0.024025
0.024009
0.023992
0.023975
0.023959
0.023942
0.023926
0.023909
0.023892
0.023876
0.023859
0.023843
0.023827
0.023810
0.023794
0.023777
0.023761
0.023745
0.023728
0.023712
0.023696
0.023679
0.023663
0.023647
0.023631
0.023615
0.023598
0.023582
0.023566
0.023550
0.023534
0.023518
0.023502
0.023486
0.023470
0.023454
0.023438
0.023422
0.023406
0.023390
0.023374
0.023358
0.023342
0.023327
0.023311
0.023295
0.023279
0.023263
0.023248
0.023232
0.023216
0.023201
0.023185
0.023169
0.023154
0.023138
0.023122
0.023107
0.023091
0.023076
0.023060
0.023045
0.023029
0.023014
0.022998
0.022983
0.022967
0.022952
0.022937
0.022921
0.022906
0.022891
0.022875
0.022860
0.022845
0.022830
0.022814
0.022799
0.022784
0.022769
0.022754
0.022738
0.022723
0.022708
0.022693
0.022678
0.022663
0.022648
0.022633
0.022618
0.022603
0.022588
0.022573
0.022558
0.022543
0.022528
0.022513
0.022498
0.022484
0.022469
0.022454
0.022439
0.022424
0.022410
0.022395
0.022380
0.022365
0.022351
0.022336
0.022321
0.022307
0.022292
0.022278
0.022263
0.022248
0.022234
0.022219
0.022205
0.022190
0.022176
0.022161
0.022147
0.022132
0.022118
0.022104
0.022089
0.022075
0.022061
0.022046
0.022032
0.022018
0.022003
0.021989
0.021975
0.021960
0.021946
0.021932
0.021918
0.021904
0.021890
0.021875
0.021861
0.021847
0.021833
0.021819
0.021805
0.021791
0.021777
0.021763
0.021749
0.021735
0.021721
0.021707
0.021693
0.021679
0.021665
0.021651
0.021637
0.021624
0.021610
0.021596
0.021582
0.021568
0.021554
0.021541
0.021527
0.021513
0.021500
0.021486
0.021472
0.021458
0.021445
0.021431
0.021418
0.021404
0.021390
0.021377
0.021363
0.021350
0.021336
0.021323
0.021309
0.021296
0.021282
0.021269
0.021255
0.021242
0.021228
0.021215
0.021202
0.021188
0.021175
0.021162
0.021148
0.021135
0.021122
0.021108
0.021095
0.021082
0.021069
0.021055
0.021042
0.021029
0.021016
0.021003
0.020990
0.020976
0.020963
0.020950
0.020937
0.020924
0.020911
0.020898
0.020885
0.020872
0.020859
0.020846
0.020833
0.020820
0.020807
0.020794
0.020781
0.020768
0.020755
0.020743
0.020730
0.020717
0.020704
0.020691
0.020678
0.020666
0.020653
0.020640
0.020627
0.020615
0.020602
0.020589
0.020576
0.020564
0.020551
0.020538
0.020526
0.020513
0.020501
0.020488
0.020475
0.020463
0.020450
0.020438
0.020425
0.020413
0.020400
0.020388
0.020375
0.020363
0.020350
0.020338
0.020326
0.020313
0.020301
0.020288
0.020276
0.020264
0.020251
0.020239
0.020227
0.020214
0.020202
0.020190
0.020178
0.020165
0.020153
0.020141
0.020129
0.020117
0.020104
0.020092
0.020080
0.020068
0.020056
0.020044
0.020032
0.020019
0.020007
0.019995
0.019983
0.019971
0.019959
0.019947
0.019935
0.019923
0.019911
0.019899
0.019887
0.019875
0.019864
0.019852
0.019840
0.019828
0.019816
0.019804
0.019792
0.019780
0.019769
0.019757
0.019745
0.019733
0.019722
0.019710
0.019698
0.019686
0.019675
0.019663
0.019651
0.019639
0.019628
0.019616
0.019605
0.019593
0.019581
0.019570
0.019558
0.019546
0.019535
0.019523
0.019512
0.019500
0.019489
0.019477
0.019466
0.019454
0.019443
0.019431
0.019420
0.019408
0.019397
0.019386
0.019374
0.019363
0.019351
0.019340
0.019329
0.019317
0.019306
0.019295
0.019283
0.019272
0.019261
0.019250
0.019238
0.019227
0.019216
0.019205
0.019193
0.019182
0.019171
0.019160
0.019149
0.019138
0.019126
0.019115
0.019104
0.019093
0.019082
0.019071
0.019060
0.019049
0.019038
0.019027
0.019016
0.019005
0.018994
0.018983
0.018972
0.018961
0.018950
0.018939
0.018928
0.018917
0.018906
0.018895
0.018884
0.018873
0.018862
0.018852
0.018841
0.018830
0.018819
0.018808
0.018797
0.018787
0.018776
0.018765
0.018754
0.018744
0.018733
0.018722
0.018711
0.018701
0.018690
0.018679
0.018669
0.018658
0.018647
0.018637
0.018626
0.018616
0.018605
0.018594
0.018584
0.018573
0.018563
0.018552
0.018542
0.018531
0.018520
0.018510
0.018499
0.018489
0.018479
0.018468
0.018458
0.018447
0.018437
0.018426
0.018416
0.018405
0.018395
0.018385
0.018374
0.018364
0.018354
0.018343
0.018333
0.018323
0.018312
0.018302
0.018292
0.018281
0.018271
0.018261
0.018251
0.018240
0.018230
0.018220
0.018210
0.018200
0.018189
0.018179
0.018169
0.018159
0.018149
0.018139
0.018129
0.018118
0.018108
0.018098
0.018088
0.018078
0.018068
0.018058
0.018048
0.018038
0.018028
0.018018
0.018008
0.017998
0.017988
0.017978
0.017968
0.017958
0.017948
0.017938
0.017928
0.017918
0.017908
0.017899
0.017889
0.017879
0.017869
0.017859
0.017849
0.017839
0.017830
0.017820
0.017810
0.017800
0.017790
0.017781
0.017771
0.017761
0.017751
0.017742
0.017732
0.017722
0.017712
0.017703
0.017693
0.017683
0.017674
0.017664
0.017654
0.017645
0.017635
0.017625
0.017616
0.017606
0.017597
0.017587
0.017577
0.017568
0.017558
0.017549
0.017539
0.017530
0.017520
0.017511
0.017501
0.017492
0.017482
0.017473
0.017463
0.017454
0.017444
0.017435
0.017425
0.017416
0.017407
0.017397
0.017388
0.017378
0.017369
0.017360
0.017350
0.017341
0.017332
0.017322
0.017313
0.017304
0.017294
0.017285
0.017276
0.017267
0.017257
0.017248
0.017239
0.017230
0.017220
0.017211
0.017202
0.017193
0.017184
0.017174
0.017165
0.017156
0.017147
0.017138
0.017129
0.017119
0.017110
0.017101
0.017092
0.017083
0.017074
0.017065
0.017056
0.017047
0.017038
0.017029
0.017019
0.017010
0.017001
0.016992
0.016983
0.016974
0.016965
0.016956
0.016948
0.016939
0.016930
0.016921
0.016912
0.016903
0.016894
0.016885
0.016876
0.016867
0.016858
0.016849
0.016841
0.016832
0.016823
0.016814
0.016805
0.016796
0.016788
0.016779
0.016770
0.016761
0.016752
0.016744
0.016735
0.016726
0.016717
0.016709
0.016700
0.016691
0.016682
0.016674
0.016665
0.016656
0.016648
0.016639
0.016630
0.016622
0.016613
0.016604
0.016596
0.016587
0.016578
0.016570
0.016561
0.016553
0.016544
0.016535
0.016527
0.016518
0.016510
0.016501
0.016493
0.016484
0.016476
0.016467
0.016459
0.016450
0.016442
0.016433
0.016425
0.016416
0.016408
0.016399
0.016391
0.016382
0.016374
0.016365
0.016357
0.016349
0.016340
0.016332
0.016323
0.016315
0.016307
0.016298
0.016290
0.016282
0.016273
0.016265
0.016257
0.016248
0.016240
0.016232
0.016224
0.016215
0.016207
0.016199
0.016190
0.016182
0.016174
0.016166
0.016157
0.016149
0.016141
0.016133
0.016125
0.016116
0.016108
0.016100
0.016092
0.016084
0.016076
0.016067
0.016059
0.016051
0.016043
0.016035
0.016027
0.016019
0.016011
0.016003
0.015994
0.015986
0.015978
0.015970
0.015962
0.015954
0.015946
0.015938
0.015930
0.015922
0.015914
0.015906
0.015898
0.015890
0.015882
0.015874
0.015866
0.015858
0.015850
0.015842
0.015834
0.015826
0.015819
0.015811
0.015803
0.015795
0.015787
0.015779
0.015771
0.015763
0.015755
0.015748
0.015740
0.015732
0.015724
0.015716
0.015708
0.015701
0.015693
0.015685
0.015677
0.015669
0.015662
0.015654
0.015646
0.015638
0.015631
0.015623
0.015615
0.015607
0.015600
0.015592
0.015584
0.015577
0.015569
0.015561
0.015553
0.015546
0.015538
0.015530
0.015523
0.015515
0.015508
0.015500
0.015492
0.015485
0.015477
0.015469
0.015462
0.015454
0.015447
0.015439
0.015432
0.015424
0.015416
0.015409
0.015401
0.015394
0.015386
0.015379
0.015371
0.015364
0.015356
0.015349
0.015341
0.015334
0.015326
0.015319
0.015311
0.015304
0.015296
0.015289
0.015281
0.015274
0.015267
0.015259
0.015252
0.015244
0.015237
0.015230
0.015222
0.015215
0.015207
0.015200
0.015193
0.015185
0.015178
0.015171
0.015163
0.015156
0.015149
0.015141
0.015134
0.015127
0.015119
0.015112
0.015105
0.015098
0.015090
0.015083
0.015076
0.015069
0.015061
0.015054
0.015047
0.015040
0.015032
0.015025
0.015018
0.015011
0.015004
0.014996
0.014989
0.014982
0.014975
0.014968
0.014961
0.014953
0.014946
0.014939
0.014932
0.014925
0.014918
0.014911
0.014903
0.014896
0.014889
0.014882
0.014875
0.014868
0.014861
0.014854
0.014847
0.014840
0.014833
0.014826
0.014819
0.014812
0.014805
0.014798
0.014791
0.014784
0.014777
0.014770
0.014763
0.014756
0.014749
0.014742
0.014735
0.014728
0.014721
0.014714
0.014707
0.014700
0.014693
0.014686
0.014679
0.014672
0.014665
0.014658
0.014652
0.014645
0.014638
0.014631
0.014624
0.014617
0.014610
0.014603
0.014597
0.014590
0.014583
0.014576
0.014569
0.014562
0.014556
0.014549
0.014542
0.014535
0.014528
0.014522
0.014515
0.014508
0.014501
0.014495
0.014488
0.014481
0.014474
0.014468
0.014461
0.014454
0.014447
0.014441
0.014434
0.014427
0.014421
0.014414
0.014407
0.014401
0.014394
0.014387
0.014381
0.014374
0.014367
0.014361
0.014354
0.014347
0.014341
0.014334
0.014328
0.014321
0.014314
0.014308
0.014301
0.014295
0.014288
0.014281
0.014275
0.014268
0.014262
0.014255
0.014249
0.014242
0.014235
0.014229
0.014222
0.014216
0.014209
0.014203
0.014196
0.014190
0.014183
0.014177
0.014170
0.014164
0.014157
0.014151
0.014144
0.014138
0.014132
0.014125
0.014119
0.014112
0.014106
0.014099
0.014093
0.014087
0.014080
0.014074
0.014067
0.014061
0.014055
0.014048
0.014042
0.014035
0.014029
0.014023
0.014016
0.014010
0.014004
0.013997
0.013991
0.013985
0.013978
0.013972
0.013966
0.013959
0.013953
0.013947
0.013940
0.013934
0.013928
0.013922
0.013915
0.013909
0.013903
0.013896
0.013890
0.013884
0.013878
0.013871
0.013865
0.013859
0.013853
0.013847
0.013840
0.013834
0.013828
0.013822
0.013816
0.013809
0.013803
0.013797
0.013791
0.013785
0.013779
0.013772
0.013766
0.013760
0.013754
0.013748
0.013742
0.013736
0.013729
0.013723
0.013717
0.013711
0.013705
0.013699
0.013693
0.013687
0.013681
0.013675
0.013668
0.013662
0.013656
0.013650
0.013644
0.013638
0.013632
0.013626
0.013620
0.013614
0.013608
0.013602
0.013596
0.013590
0.013584
0.013578
0.013572
0.013566
0.013560
0.013554
0.013548
0.013542
0.013536
0.013530
0.013524
0.013518
0.013512
0.013506
0.013500
0.013494
0.013488
0.013483
0.013477
0.013471
0.013465
0.013459
0.013453
0.013447
0.013441
0.013435
0.013429
0.013424
0.013418
0.013412
0.013406
0.013400
0.013394
0.013388
0.013383
0.013377
0.013371
0.013365
0.013359
0.013353
0.013348
0.013342
0.013336
0.013330
0.013324
0.013319
0.013313
0.013307
0.013301
0.013295
0.013290
0.013284
0.013278
0.013272
0.013267
0.013261
0.013255
0.013249
0.013244
0.013238
0.013232
0.013227
0.013221
0.013215
0.013209
0.013204
0.013198
0.013192
0.013187
0.013181
0.013175
0.013170
0.013164
0.013158
0.013153
0.013147
0.013141
0.013136
0.013130
0.013124
0.013119
0.013113
0.013107
0.013102
0.013096
0.013091
0.013085
0.013079
0.013074
0.013068
0.013063
0.013057
0.013051
0.013046
0.013040
0.013035
0.013029
0.013024
0.013018
0.013013
0.013007
0.013001
0.012996
0.012990
0.012985
0.012979
0.012974
0.012968
0.012963
0.012957
0.012952
0.012946
0.012941
0.012935
0.012930
0.012924
0.012919
0.012913
0.012908
0.012902
0.012897
0.012891
0.012886
0.012881
0.012875
0.012870
0.012864
0.012859
0.012853
0.012848
0.012843
0.012837
0.012832
0.012826
0.012821
0.012815
0.012810
0.012805
0.012799
0.012794
0.012789
0.012783
0.012778
0.012772
0.012767
0.012762
0.012756
0.012751
0.012746
0.012740
0.012735
0.012730
0.012724
0.012719
0.012714
0.012708
0.012703
0.012698
0.012692
0.012687
0.012682
0.012677
0.012671
0.012666
0.012661
0.012655
0.012650
0.012645
0.012640
0.012634
0.012629
0.012624
0.012619
0.012613
0.012608
0.012603
0.012598
0.012592
0.012587
0.012582
0.012577
0.012572
0.012566
0.012561
0.012556
0.012551
0.012546
0.012540
0.012535
0.012530
0.012525
0.012520
0.012514
0.012509
0.012504
0.012499
0.012494
0.012489
0.012484
0.012478
0.012473
0.012468
0.012463
0.012458
0.012453
0.012448
0.012443
0.012437
0.012432
0.012427
0.012422
0.012417
0.012412
0.012407
0.012402
0.012397
0.012392
0.012387
0.012381
0.012376
0.012371
0.012366
0.012361
0.012356
0.012351
0.012346
0.012341
0.012336
0.012331
0.012326
0.012321
0.012316
0.012311
0.012306
0.012301
0.012296
0.012291
0.012286
0.012281
0.012276
0.012271
0.012266
0.012261
0.012256
0.012251
0.012246
0.012241
0.012236
0.012231
0.012226
0.012221
0.012216
0.012211
0.012206
0.012202
0.012197
0.012192
0.012187
0.012182
0.012177
0.012172
0.012167
0.012162
0.012157
0.012152
0.012147
0.012143
0.012138
0.012133
0.012128
0.012123
0.012118
0.012113
0.012108
0.012104
0.012099
0.012094
0.012089
0.012084
0.012079
0.012075
0.012070
0.012065
0.012060
0.012055
0.012050
0.012046
0.012041
0.012036
0.012031
0.012026
0.012021
0.012017
0.012012
0.012007
0.012002
0.011998
0.011993
0.011988
0.011983
0.011978
0.011974
0.011969
0.011964
0.011959
0.011955
0.011950
0.011945
0.011940
0.011936
0.011931
0.011926
0.011921
0.011917
0.011912
0.011907
0.011903
0.011898
0.011893
0.011888
0.011884
0.011879
0.011874
0.011870
0.011865
0.011860
0.011856
0.011851
0.011846
0.011842
0.011837
0.011832
0.011828
0.011823
0.011818
0.011814
0.011809
0.011804
0.011800
0.011795
0.011790
0.011786
0.011781
0.011777
0.011772
0.011767
0.011763
0.011758
0.011754
0.011749
0.011744
0.011740
0.011735
0.011731
0.011726
0.011721
0.011717
0.011712
0.011708
0.011703
0.011699
0.011694
0.011689
0.011685
0.011680
0.011676
0.011671
0.011667
0.011662
0.011658
0.011653
0.011649
0.011644
0.011639
0.011635
0.011630
0.011626
0.011621
0.011617
0.011612
0.011608
0.011603
0.011599
0.011594
0.011590
0.011585
0.011581
0.011576
0.011572
0.011567
0.011563
0.011559
0.011554
0.011550
0.011545
0.011541
0.011536
0.011532
0.011527
0.011523
0.011518
0.011514
0.011510
0.011505
0.011501
0.011496
0.011492
0.011488
0.011483
0.011479
0.011474
0.011470
0.011465
0.011461
0.011457
0.011452
0.011448
0.011444
0.011439
0.011435
0.011430
0.011426
0.011422
0.011417
0.011413
0.011409
0.011404
0.011400
0.011396
0.011391
0.011387
0.011382
0.011378
0.011374
0.011369
0.011365
0.011361
0.011356
0.011352
0.011348
0.011344
0.011339
0.011335
0.011331
0.011326
0.011322
0.011318
0.011313
0.011309
0.011305
0.011301
0.011296
0.011292
0.011288
0.011283
0.011279
0.011275
0.011271
0.011266
0.011262
0.011258
0.011254
0.011249
0.011245
0.011241
0.011237
0.011232
0.011228
0.011224
0.011220
0.011215
0.011211
0.011207
0.011203
0.011199
0.011194
0.011190
0.011186
0.011182
0.011178
0.011173
0.011169
0.011165
0.011161
0.011157
0.011152
0.011148
0.011144
0.011140
0.011136
0.011132
0.011127
0.011123
0.011119
0.011115
0.011111
0.011107
0.011102
0.011098
0.011094
0.011090
0.011086
0.011082
0.011078
0.011074
0.011069
0.011065
0.011061
0.011057
0.011053
0.011049
0.011045
0.011041
0.011037
0.011032
0.011028
0.011024
0.011020
0.011016
0.011012
0.011008
0.011004
0.011000
0.010996
0.010992
0.010988
0.010983
0.010979
0.010975
0.010971
0.010967
0.010963
0.010959
0.010955
0.010951
0.010947
0.010943
0.010939
0.010935
0.010931
0.010927
0.010923
0.010919
0.010915
0.010911
0.010907
0.010903
0.010899
0.010895
0.010891
0.010887
0.010883
0.010879
0.010875
0.010871
0.010867
0.010863
0.010859
0.010855
0.010851
0.010847
0.010843
0.010839
0.010835
0.010831
0.010827
0.010823
0.010819
0.010815
0.010811
0.010807
0.010803
0.010799
0.010795
0.010792
0.010788
0.010784
0.010780
0.010776
0.010772
0.010768
0.010764
0.010760
0.010756
0.010752
0.010748
0.010744
0.010741
0.010737
0.010733
0.010729
0.010725
0.010721
0.010717
0.010713
0.010709
0.010706
0.010702
0.010698
0.010694
0.010690
0.010686
0.010682
0.010679
0.010675
0.010671
0.010667
0.010663
0.010659
0.010655
0.010652
0.010648
0.010644
0.010640
0.010636
0.010632
0.010629
0.010625
0.010621
0.010617
0.010613
0.010610
0.010606
0.010602
0.010598
0.010594
0.010590
0.010587
0.010583
0.010579
0.010575
0.010572
0.010568
0.010564
0.010560
0.010556
0.010553
0.010549
0.010545
0.010541
0.010538
0.010534
0.010530
0.010526
0.010522
0.010519
0.010515
0.010511
0.010507
0.010504
0.010500
0.010496
0.010493
0.010489
0.010485
0.010481
0.010478
0.010474
0.010470
0.010466
0.010463
0.010459
0.010455
0.010452
0.010448
0.010444
0.010440
0.010437
0.010433
0.010429
0.010426
0.010422
0.010418
0.010415
0.010411
0.010407
0.010404
0.010400
0.010396
0.010393
0.010389
0.010385
0.010382
0.010378
0.010374
0.010371
0.010367
0.010363
0.010360
0.010356
0.010352
0.010349
0.010345
0.010341
0.010338
0.010334
0.010331
0.010327
0.010323
0.010320
0.010316
0.010312
0.010309
0.010305
0.010302
0.010298
0.010294
0.010291
0.010287
0.010284
0.010280
0.010276
0.010273
0.010269
0.010266
0.010262
0.010258
0.010255
0.010251
0.010248
0.010244
0.010241
0.010237
0.010233
0.010230
0.010226
0.010223
0.010219
0.010216
0.010212
0.010208
0.010205
0.010201
0.010198
0.010194
0.010191
0.010187
0.010184
0.010180
0.010177
0.010173
0.010170
0.010166
0.010163
0.010159
0.010155
0.010152
0.010148
0.010145
0.010141
0.010138
0.010134
0.010131
0.010127
0.010124
0.010120
0.010117
0.010113
0.010110
0.010106
0.010103
0.010100
0.010096
0.010093
0.010089
0.010086
0.010082
0.010079
0.010075
0.010072
0.010068
0.010065
0.010061
0.010058
0.010054
0.010051
0.010048
0.010044
0.010041
0.010037
0.010034
0.010030
0.010027
0.010024
0.010020
0.010017
0.010013
0.010010
0.010006
0.010003
0.010000
0.009996
0.009993
0.009989
0.009986
0.009982
0.009979
0.009976
0.009972
0.009969
0.009965
0.009962
0.009959
0.009955
0.009952
0.009949
0.009945
0.009942
0.009938
0.009935
0.009932
0.009928
0.009925
0.009922
0.009918
0.009915
0.009911
0.009908
0.009905
0.009901
0.009898
0.009895
0.009891
0.009888
0.009885
0.009881
0.009878
0.009875
0.009871
0.009868
0.009865
0.009861
0.009858
0.009855
0.009851
0.009848
0.009845
0.009841
0.009838
0.009835
0.009831
0.009828
0.009825
0.009821
0.009818
0.009815
0.009812
0.009808
0.009805
0.009802
0.009798
0.009795
0.009792
0.009789
0.009785
0.009782
0.009779
0.009775
0.009772
0.009769
0.009766
0.009762
0.009759
0.009756
0.009753
0.009749
0.009746
0.009743
0.009739
0.009736
0.009733
0.009730
0.009726
0.009723
0.009720
0.009717
0.009714
0.009710
0.009707
0.009704
0.009701
0.009697
0.009694
0.009691
0.009688
0.009684
0.009681
0.009678
0.009675
0.009672
0.009668
0.009665
0.009662
0.009659
0.009656
0.009652
0.009649
0.009646
0.009643
0.009640
0.009636
0.009633
0.009630
0.009627
0.009624
0.009620
0.009617
0.009614
0.009611
0.009608
0.009605
0.009601
0.009598
0.009595
0.009592
0.009589
0.009586
0.009582
0.009579
0.009576
0.009573
0.009570
0.009567
0.009564
0.009560
0.009557
0.009554
0.009551
0.009548
0.009545
0.009542
0.009538
0.009535
0.009532
0.009529
0.009526
0.009523
0.009520
0.009517
0.009513
0.009510
0.009507
0.009504
0.009501
0.009498
0.009495
0.009492
0.009489
0.009485
0.009482
0.009479
0.009476
0.009473
0.009470
0.009467
0.009464
0.009461
0.009458
0.009455
0.009452
0.009448
0.009445
0.009442
0.009439
0.009436
0.009433
0.009430
0.009427
0.009424
0.009421
0.009418
0.009415
0.009412
0.009409
0.009406
0.009403
0.009399
0.009396
0.009393
0.009390
0.009387
0.009384
0.009381
0.009378
0.009375
0.009372
0.009369
0.009366
0.009363
0.009360
0.009357
0.009354
0.009351
0.009348
0.009345
0.009342
0.009339
0.009336
0.009333
0.009330
0.009327
0.009324
0.009321
0.009318
0.009315
0.009312
0.009309
0.009306
0.009303
0.009300
0.009297
0.009294
0.009291
0.009288
0.009285
0.009282
0.009279
0.009276
0.009273
0.009270
0.009267
0.009264
0.009261
0.009258
0.009255
0.009252
0.009249
0.009246
0.009244
0.009241
0.009238
0.009235
0.009232
0.009229
0.009226
0.009223
0.009220
0.009217
0.009214
0.009211
0.009208
0.009205
0.009202
0.009199
0.009197
0.009194
0.009191
0.009188
0.009185
0.009182
0.009179
0.009176
0.009173
0.009170
0.009167
0.009164
0.009162
0.009159
0.009156
0.009153
0.009150
0.009147
0.009144
0.009141
0.009138
0.009135
0.009133
0.009130
0.009127
0.009124
0.009121
0.009118
0.009115
0.009112
0.009110
0.009107
0.009104
0.009101
0.009098
0.009095
0.009092
0.009089
0.009087
0.009084
0.009081
0.009078
0.009075
0.009072
0.009069
0.009067
0.009064
0.009061
0.009058
0.009055
0.009052
0.009050
0.009047
0.009044
0.009041
0.009038
0.009035
0.009033
0.009030
0.009027
0.009024
0.009021
0.009018
0.009016
0.009013
0.009010
0.009007
0.009004
0.009002
0.008999
0.008996
0.008993
0.008990
0.008988
0.008985
0.008982
0.008979
0.008976
0.008974
0.008971
0.008968
0.008965
0.008962
0.008960
0.008957
0.008954
0.008951
0.008948
0.008946
0.008943
0.008940
0.008937
0.008935
0.008932
0.008929
0.008926
0.008924
0.008921
0.008918
0.008915
0.008912
0.008910
0.008907
0.008904
0.008901
0.008899
0.008896
0.008893
0.008890
0.008888
0.008885
0.008882
0.008879
0.008877
0.008874
0.008871
0.008869
0.008866
0.008863
0.008860
0.008858
0.008855
0.008852
0.008849
0.008847
0.008844
0.008841
0.008839
0.008836
0.008833
0.008830
0.008828
0.008825
0.008822
0.008820
0.008817
0.008814
0.008811
0.008809
0.008806
0.008803
0.008801
0.008798
0.008795
0.008793
0.008790
0.008787
0.008785
0.008782
0.008779
0.008777
0.008774
0.008771
0.008768
0.008766
0.008763
0.008760
0.008758
0.008755
0.008752
0.008750
0.008747
0.008744
0.008742
0.008739
0.008736
0.008734
0.008731
0.008728
0.008726
0.008723
0.008721
0.008718
0.008715
0.008713
0.008710
0.008707
0.008705
0.008702
0.008699
0.008697
0.008694
0.008691
0.008689
0.008686
0.008684
0.008681
0.008678
0.008676
0.008673
0.008670
0.008668
0.008665
0.008663
0.008660
0.008657
0.008655
0.008652
0.008650
0.008647
0.008644
0.008642
0.008639
0.008637
0.008634
0.008631
0.008629
0.008626
0.008624
0.008621
0.008618
0.008616
0.008613
0.008611
0.008608
0.008605
0.008603
0.008600
0.008598
0.008595
0.008593
0.008590
0.008587
0.008585
0.008582
0.008580
0.008577
0.008575
0.008572
0.008569
0.008567
0.008564
0.008562
0.008559
0.008557
0.008554
0.008551
0.008549
0.008546
0.008544
0.008541
0.008539
0.008536
0.008534
0.008531
0.008529
0.008526
0.008523
0.008521
0.008518
0.008516
0.008513
0.008511
0.008508
0.008506
0.008503
0.008501
0.008498
0.008496
0.008493
0.008491
0.008488
0.008486
0.008483
0.008481
0.008478
0.008475
0.008473
0.008470
0.008468
0.008465
0.008463
0.008460
0.008458
0.008455
0.008453
0.008450
0.008448
0.008445
0.008443
0.008440
0.008438
0.008435
0.008433
0.008430
0.008428
0.008426
0.008423
0.008421
0.008418
0.008416
0.008413
0.008411
0.008408
0.008406
0.008403
0.008401
0.008398
0.008396
0.008393
0.008391
0.008388
0.008386
0.008383
0.008381
0.008379
0.008376
0.008374
0.008371
0.008369
0.008366
0.008364
0.008361
0.008359
0.008357
0.008354
0.008352
0.008349
0.008347
0.008344
0.008342
0.008339
0.008337
0.008335
0.008332
0.008330
0.008327
0.008325
0.008322
0.008320
0.008318
0.008315
0.008313
0.008310
0.008308
0.008305
0.008303
0.008301
0.008298
0.008296
0.008293
0.008291
0.008289
0.008286
0.008284
0.008281
0.008279
0.008276
0.008274
0.008272
0.008269
0.008267
0.008264
0.008262
0.008260
0.008257
0.008255
0.008253
0.008250
0.008248
0.008245
0.008243
0.008241
0.008238
0.008236
0.008233
0.008231
0.008229
0.008226
0.008224
0.008222
0.008219
0.008217
0.008214
0.008212
0.008210
0.008207
0.008205
0.008203
0.008200
0.008198
0.008196
0.008193
0.008191
0.008188
0.008186
0.008184
0.008181
0.008179
0.008177
0.008174
0.008172
0.008170
0.008167
0.008165
0.008163
0.008160
0.008158
0.008156
0.008153
0.008151
0.008149
0.008146
0.008144
0.008142
0.008139
0.008137
0.008135
0.008132
0.008130
0.008128
0.008125
0.008123
0.008121
0.008118
0.008116
0.008114
0.008111
0.008109
0.008107
0.008105
0.008102
0.008100
0.008098
0.008095
0.008093
0.008091
0.008088
0.008086
0.008084
0.008081
0.008079
0.008077
0.008075
0.008072
0.008070
0.008068
0.008065
0.008063
0.008061
0.008059
0.008056
0.008054
0.008052
0.008049
0.008047
0.008045
0.008043
0.008040
0.008038
0.008036
0.008033
0.008031
0.008029
0.008027
0.008024
0.008022
0.008020
0.008018
0.008015
0.008013
0.008011
0.008009
0.008006
0.008004
0.008002
0.008000
0.007997
0.007995
0.007993
0.007991
0.007988
0.007986
0.007984
0.007982
0.007979
0.007977
0.007975
0.007973
0.007970
0.007968
0.007966
0.007964
0.007961
0.007959
0.007957
0.007955
0.007952
0.007950
0.007948
0.007946
0.007944
0.007941
0.007939
0.007937
0.007935
0.007932
0.007930
0.007928
0.007926
0.007924
0.007921
0.007919
0.007917
0.007915
0.007912
0.007910
0.007908
0.007906
0.007904
0.007901
0.007899
0.007897
0.007895
0.007893
0.007890
0.007888
0.007886
0.007884
0.007882
0.007879
0.007877
0.007875
0.007873
0.007871
0.007869
0.007866
0.007864
0.007862
0.007860
0.007858
0.007855
0.007853
0.007851
0.007849
0.007847
0.007845
0.007842
0.007840
0.007838
0.007836
0.007834
0.007832
0.007829
0.007827
0.007825
0.007823
0.007821
0.007819
0.007816
0.007814
0.007812
0.007810
0.007808
0.007806
0.007803
0.007801
0.007799
0.007797
0.007795
0.007793
0.007791
0.007788
0.007786
0.007784
0.007782
0.007780
0.007778
0.007776
0.007773
0.007771
0.007769
0.007767
0.007765
0.007763
0.007761
0.007759
0.007756
0.007754
0.007752
0.007750
0.007748
0.007746
0.007744
0.007742
0.007739
0.007737
0.007735
0.007733
0.007731
0.007729
0.007727
0.007725
0.007722
0.007720
0.007718
0.007716
0.007714
0.007712
0.007710
0.007708
0.007706
0.007704
0.007701
0.007699
0.007697
0.007695
0.007693
0.007691
0.007689
0.007687
0.007685
0.007683
0.007680
0.007678
0.007676
0.007674
0.007672
0.007670
0.007668
0.007666
0.007664
0.007662
0.007660
0.007658
0.007655
0.007653
0.007651
0.007649
0.007647
0.007645
0.007643
0.007641
0.007639
0.007637
0.007635
0.007633
0.007631
0.007629
0.007627
0.007624
0.007622
0.007620
0.007618
0.007616
0.007614
0.007612
0.007610
0.007608
0.007606
0.007604
0.007602
0.007600
0.007598
0.007596
0.007594
0.007592
0.007590
0.007588
0.007586
0.007583
0.007581
0.007579
0.007577
0.007575
0.007573
0.007571
0.007569
0.007567
0.007565
0.007563
0.007561
0.007559
0.007557
0.007555
0.007553
0.007551
0.007549
0.007547
0.007545
0.007543
0.007541
0.007539
0.007537
0.007535
0.007533
0.007531
0.007529
0.007527
0.007525
0.007523
0.007521
0.007519
0.007517
0.007515
0.007513
0.007511
0.007509
0.007507
0.007505
0.007503
0.007501
0.007499
0.007497
0.007495
0.007493
0.007491
0.007489
0.007487
0.007485
0.007483
0.007481
0.007479
0.007477
0.007475
0.007473
0.007471
0.007469
0.007467
0.007465
0.007463
0.007461
0.007459
0.007457
0.007455
0.007453
0.007451
0.007449
0.007447
0.007445
0.007443
0.007441
0.007439
0.007437
0.007435
0.007433
0.007431
0.007429
0.007427
0.007425
0.007423
0.007422
0.007420
0.007418
0.007416
0.007414
0.007412
0.007410
0.007408
0.007406
0.007404
0.007402
0.007400
0.007398
0.007396
0.007394
0.007392
0.007390
0.007388
0.007386
0.007384
0.007383
0.007381
0.007379
0.007377
0.007375
0.007373
0.007371
0.007369
0.007367
0.007365
0.007363
0.007361
0.007359
0.007357
0.007355
0.007354
0.007352
0.007350
0.007348
0.007346
0.007344
0.007342
0.007340
0.007338
0.007336
0.007334
0.007332
0.007331
0.007329
0.007327
0.007325
0.007323
0.007321
0.007319
0.007317
0.007315
0.007313
0.007311
0.007310
0.007308
0.007306
0.007304
0.007302
0.007300
0.007298
0.007296
0.007294
0.007292
0.007291
0.007289
0.007287
0.007285
0.007283
0.007281
0.007279
0.007277
0.007275
0.007274
0.007272
0.007270
0.007268
0.007266
0.007264
0.007262
0.007260
0.007258
0.007257
0.007255
0.007253
0.007251
0.007249
0.007247
0.007245
0.007243
0.007242
0.007240
0.007238
0.007236
0.007234
0.007232
0.007230
0.007229
0.007227
0.007225
0.007223
0.007221
0.007219
0.007217
0.007215
0.007214
0.007212
0.007210
0.007208
0.007206
0.007204
0.007202
0.007201
0.007199
0.007197
0.007195
0.007193
0.007191
0.007190
0.007188
0.007186
0.007184
0.007182
0.007180
0.007178
0.007177
0.007175
0.007173
0.007171
0.007169
0.007167
0.007166
0.007164
0.007162
0.007160
0.007158
0.007156
0.007155
0.007153
0.007151
0.007149
0.007147
0.007146
0.007144
0.007142
0.007140
0.007138
0.007136
0.007135
0.007133
0.007131
0.007129
0.007127
0.007125
0.007124
0.007122
0.007120
0.007118
0.007116
0.007115
0.007113
0.007111
0.007109
0.007107
0.007106
0.007104
0.007102
0.007100
0.007098
0.007097
0.007095
0.007093
0.007091
0.007089
0.007088
0.007086
0.007084
0.007082
0.007080
0.007079
0.007077
0.007075
0.007073
0.007071
0.007070
0.007068
0.007066
0.007064
0.007063
0.007061
0.007059
0.007057
0.007055
0.007054
0.007052
0.007050
0.007048
0.007046
0.007045
0.007043
0.007041
0.007039
0.007038
0.007036
0.007034
0.007032
0.007031
0.007029
0.007027
0.007025
0.007023
0.007022
0.007020
0.007018
0.007016
0.007015
0.007013
0.007011
0.007009
0.007008
0.007006
0.007004
0.007002
0.007001
0.006999
0.006997
0.006995
0.006994
0.006992
0.006990
0.006988
0.006987
0.006985
0.006983
0.006981
0.006980
0.006978
0.006976
0.006974
0.006973
0.006971
0.006969
0.006967
0.006966
0.006964
0.006962
0.006960
0.006959
0.006957
0.006955
0.006953
0.006952
0.006950
0.006948
0.006947
0.006945
0.006943
0.006941
0.006940
0.006938
0.006936
0.006934
0.006933
0.006931
0.006929
0.006928
0.006926
0.006924
0.006922
0.006921
0.006919
0.006917
0.006916
0.006914
0.006912
0.006910
0.006909
0.006907
0.006905
0.006904
0.006902
0.006900
0.006898
0.006897
0.006895
0.006893
0.006892
0.006890
0.006888
0.006886
0.006885
0.006883
0.006881
0.006880
0.006878
0.006876
0.006875
0.006873
0.006871
0.006869
0.006868
0.006866
0.006864
0.006863
0.006861
0.006859
0.006858
0.006856
0.006854
0.006853
0.006851
0.006849
0.006848
0.006846
0.006844
0.006842
0.006841
0.006839
0.006837
0.006836
0.006834
0.006832
0.006831
0.006829
0.006827
0.006826
0.006824
0.006822
0.006821
0.006819
0.006817
0.006816
0.006814
0.006812
0.006811
0.006809
0.006807
0.006806
0.006804
0.006802
0.006801
0.006799
0.006797
0.006796
0.006794
0.006792
0.006791
0.006789
0.006787
0.006786
0.006784
0.006782
0.006781
0.006779
0.006777
0.006776
0.006774
0.006773
0.006771
0.006769
0.006768
0.006766
0.006764
0.006763
0.006761
0.006759
0.006758
0.006756
0.006754
0.006753
0.006751
0.006750
0.006748
0.006746
0.006745
0.006743
0.006741
0.006740
0.006738
0.006736
0.006735
0.006733
0.006732
0.006730
0.006728
0.006727
0.006725
0.006723
0.006722
0.006720
0.006719
0.006717
0.006715
0.006714
0.006712
0.006710
0.006709
0.006707
0.006706
0.006704
0.006702
0.006701
0.006699
0.006697
0.006696
0.006694
0.006693
0.006691
0.006689
0.006688
0.006686
0.006685
0.006683
0.006681
0.006680
0.006678
0.006677
0.006675
0.006673
0.006672
0.006670
0.006669
0.006667
0.006665
0.006664
0.006662
0.006661
0.006659
0.006657
0.006656
0.006654
0.006653
0.006651
0.006649
0.006648
0.006646
0.006645
0.006643
0.006641
0.006640
0.006638
0.006637
0.006635
0.006633
0.006632
0.006630
0.006629
0.006627
0.006626
0.006624
0.006622
0.006621
0.006619
0.006618
0.006616
0.006614
0.006613
0.006611
0.006610
0.006608
0.006607
0.006605
0.006603
0.006602
0.006600
0.006599
0.006597
0.006596
0.006594
0.006592
0.006591
0.006589
0.006588
0.006586
0.006585
0.006583
0.006581
0.006580
0.006578
0.006577
0.006575
0.006574
0.006572
0.006571
0.006569
0.006567
0.006566
0.006564
0.006563
0.006561
0.006560
0.006558
0.006557
0.006555
0.006553
0.006552
0.006550
0.006549
0.006547
0.006546
0.006544
0.006543
0.006541
0.006540
0.006538
0.006536
0.006535
0.006533
0.006532
0.006530
0.006529
0.006527
0.006526
0.006524
0.006523
0.006521
0.006520
0.006518
0.006516
0.006515
0.006513
0.006512
0.006510
0.006509
0.006507
0.006506
0.006504
0.006503
0.006501
0.006500
0.006498
0.006497
0.006495
0.006494
0.006492
0.006490
0.006489
0.006487
0.006486
0.006484
0.006483
0.006481
0.006480
0.006478
0.006477
0.006475
0.006474
0.006472
0.006471
0.006469
0.006468
0.006466
0.006465
0.006463
0.006462
0.006460
0.006459
0.006457
0.006456
0.006454
0.006453
0.006451
0.006450
0.006448
0.006447
0.006445
0.006444
0.006442
0.006441
0.006439
0.006438
0.006436
0.006435
0.006433
0.006432
0.006430
0.006429
0.006427
0.006426
0.006424
0.006423
0.006421
0.006420
0.006418
0.006417
0.006415
0.006414
0.006412
0.006411
0.006409
0.006408
0.006406
0.006405
0.006403
0.006402
0.006400
0.006399
0.006397
0.006396
0.006394
0.006393
0.006391
0.006390
0.006388
0.006387
0.006386
0.006384
0.006383
0.006381
0.006380
0.006378
0.006377
0.006375
0.006374
0.006372
0.006371
0.006369
0.006368
0.006366
0.006365
0.006363
0.006362
0.006361
0.006359
0.006358
0.006356
0.006355
0.006353
0.006352
0.006350
0.006349
0.006347
0.006346
0.006344
0.006343
0.006342
0.006340
0.006339
0.006337
0.006336
0.006334
0.006333
0.006331
0.006330
0.006328
0.006327
0.006326
0.006324
0.006323
0.006321
0.006320
0.006318
0.006317
0.006315
0.006314
0.006313
0.006311
0.006310
0.006308
0.006307
0.006305
0.006304
0.006302
0.006301
0.006300
0.006298
0.006297
0.006295
0.006294
0.006292
0.006291
0.006289
0.006288
0.006287
0.006285
0.006284
0.006282
0.006281
0.006279
0.006278
0.006277
0.006275
0.006274
0.006272
0.006271
0.006269
0.006268
0.006267
0.006265
0.006264
0.006262
0.006261
0.006260
0.006258
0.006257
0.006255
0.006254
0.006252
0.006251
0.006250
0.006248
0.006247
0.006245
0.006244
0.006242
0.006241
0.006240
0.006238
0.006237
0.006235
0.006234
0.006233
0.006231
0.006230
0.006228
0.006227
0.006226
0.006224
0.006223
0.006221
0.006220
0.006219
0.006217
0.006216
0.006214
0.006213
0.006212
0.006210
0.006209
0.006207
0.006206
0.006205
0.006203
0.006202
0.006200
0.006199
0.006198
0.006196
0.006195
0.006193
0.006192
0.006191
0.006189
0.006188
0.006186
0.006185
0.006184
0.006182
0.006181
0.006179
0.006178
0.006177
0.006175
0.006174
0.006173
0.006171
0.006170
0.006168
0.006167
0.006166
0.006164
0.006163
0.006161
0.006160
0.006159
0.006157
0.006156
0.006155
0.006153
0.006152
0.006150
0.006149
0.006148
0.006146
0.006145
0.006144
0.006142
0.006141
0.006139
0.006138
0.006137
0.006135
0.006134
0.006133
0.006131
0.006130
0.006128
0.006127
0.006126
0.006124
0.006123
0.006122
0.006120
0.006119
0.006118
0.006116
0.006115
0.006114
0.006112
0.006111
0.006109
0.006108
0.006107
0.006105
0.006104
0.006103
0.006101
0.006100
0.006099
0.006097
0.006096
0.006095
0.006093
0.006092
0.006090
0.006089
0.006088
0.006086
0.006085
0.006084
0.006082
0.006081
0.006080
0.006078
0.006077
0.006076
0.006074
0.006073
0.006072
0.006070
0.006069
0.006068
0.006066
0.006065
0.006064
0.006062
0.006061
0.006060
0.006058
0.006057
0.006056
0.006054
0.006053
0.006052
0.006050
0.006049
0.006048
0.006046
0.006045
0.006044
0.006042
0.006041
0.006040
0.006038
0.006037
0.006036
0.006034
0.006033
0.006032
0.006030
0.006029
0.006028
0.006026
0.006025
0.006024
0.006022
0.006021
0.006020
0.006018
0.006017
0.006016
0.006014
0.006013
0.006012
0.006010
0.006009
0.006008
0.006007
0.006005
0.006004
0.006003
0.006001
0.006000
0.005999
0.005997
0.005996
0.005995
0.005993
0.005992
0.005991
0.005989
0.005988
0.005987
0.005986
0.005984
0.005983
0.005982
0.005980
0.005979
0.005978
0.005976
0.005975
0.005974
0.005973
0.005971
0.005970
0.005969
0.005967
0.005966
0.005965
0.005963
0.005962
0.005961
0.005960
0.005958
0.005957
0.005956
0.005954
0.005953
0.005952
0.005950
0.005949
0.005948
0.005947
0.005945
0.005944
0.005943
0.005941
0.005940
0.005939
0.005938
0.005936
0.005935
0.005934
0.005932
0.005931
0.005930
0.005929
0.005927
0.005926
0.005925
0.005923
0.005922
0.005921
0.005920
0.005918
0.005917
0.005916
0.005915
0.005913
0.005912
0.005911
0.005909
0.005908
0.005907
0.005906
0.005904
0.005903
0.005902
0.005900
0.005899
0.005898
0.005897
0.005895
0.005894
0.005893
0.005892
0.005890
0.005889
0.005888
0.005887
0.005885
0.005884
0.005883
0.005881
0.005880
0.005879
0.005878
0.005876
0.005875
0.005874
0.005873
0.005871
0.005870
0.005869
0.005868
0.005866
0.005865
0.005864
0.005863
0.005861
0.005860
0.005859
0.005858
0.005856
0.005855
0.005854
0.005853
0.005851
0.005850
0.005849
0.005848
0.005846
0.005845
0.005844
0.005843
0.005841
0.005840
0.005839
0.005838
0.005836
0.005835
0.005834
0.005833
0.005831
0.005830
0.005829
0.005828
0.005826
0.005825
0.005824
0.005823
0.005821
0.005820
0.005819
0.005818
0.005816
0.005815
0.005814
0.005813
0.005811
0.005810
0.005809
0.005808
0.005807
0.005805
0.005804
0.005803
0.005802
0.005800
0.005799
0.005798
0.005797
0.005795
0.005794
0.005793
0.005792
0.005791
0.005789
0.005788
0.005787
0.005786
0.005784
0.005783
0.005782
0.005781
0.005780
0.005778
0.005777
0.005776
0.005775
0.005773
0.005772
0.005771
0.005770
0.005769
0.005767
0.005766
0.005765
0.005764
0.005762
0.005761
0.005760
0.005759
0.005758
0.005756
0.005755
0.005754
0.005753
0.005752
0.005750
0.005749
0.005748
0.005747
0.005745
0.005744
0.005743
0.005742
0.005741
0.005739
0.005738
0.005737
0.005736
0.005735
0.005733
0.005732
0.005731
0.005730
0.005729
0.005727
0.005726
0.005725
0.005724
0.005723
0.005721
0.005720
0.005719
0.005718
0.005717
0.005715
0.005714
0.005713
0.005712
0.005711
0.005709
0.005708
0.005707
0.005706
0.005705
0.005703
0.005702
0.005701
0.005700
0.005699
0.005698
0.005696
0.005695
0.005694
0.005693
0.005692
0.005690
0.005689
0.005688
0.005687
0.005686
0.005684
0.005683
0.005682
0.005681
0.005680
0.005679
0.005677
0.005676
0.005675
0.005674
0.005673
0.005671
0.005670
0.005669
0.005668
0.005667
0.005666
0.005664
0.005663
0.005662
0.005661
0.005660
0.005658
0.005657
0.005656
0.005655
0.005654
0.005653
0.005651
0.005650
0.005649
0.005648
0.005647
0.005646
0.005644
0.005643
0.005642
0.005641
0.005640
0.005639
0.005637
0.005636
0.005635
0.005634
0.005633
0.005632
0.005630
0.005629
0.005628
0.005627
0.005626
0.005625
0.005623
0.005622
0.005621
0.005620
0.005619
0.005618
0.005617
0.005615
0.005614
0.005613
0.005612
0.005611
0.005610
0.005608
0.005607
0.005606
0.005605
0.005604
0.005603
0.005601
0.005600
0.005599
0.005598
0.005597
0.005596
0.005595
0.005593
0.005592
0.005591
0.005590
0.005589
0.005588
0.005587
0.005585
0.005584
0.005583
0.005582
0.005581
0.005580
0.005579
0.005577
0.005576
0.005575
0.005574
0.005573
0.005572
0.005571
0.005569
0.005568
0.005567
0.005566
0.005565
0.005564
0.005563
0.005561
0.005560
0.005559
0.005558
0.005557
0.005556
0.005555
0.005553
0.005552
0.005551
0.005550
0.005549
0.005548
0.005547
0.005546
0.005544
0.005543
0.005542
0.005541
0.005540
0.005539
0.005538
0.005537
0.005535
0.005534
0.005533
0.005532
0.005531
0.005530
0.005529
0.005528
0.005526
0.005525
0.005524
0.005523
0.005522
0.005521
0.005520
0.005519
0.005517
0.005516
0.005515
0.005514
0.005513
0.005512
0.005511
0.005510
0.005508
0.005507
0.005506
0.005505
0.005504
0.005503
0.005502
0.005501
0.005500
0.005498
0.005497
0.005496
0.005495
0.005494
0.005493
0.005492
0.005491
0.005490
0.005488
0.005487
0.005486
0.005485
0.005484
0.005483
0.005482
0.005481
0.005480
0.005478
0.005477
0.005476
0.005475
0.005474
0.005473
0.005472
0.005471
0.005470
0.005469
0.005467
0.005466
0.005465
0.005464
0.005463
0.005462
0.005461
0.005460
0.005459
0.005458
0.005456
0.005455
0.005454
0.005453
0.005452
0.005451
0.005450
0.005449
0.005448
0.005447
0.005446
0.005444
0.005443
0.005442
0.005441
0.005440
0.005439
0.005438
0.005437
0.005436
0.005435
0.005434
0.005432
0.005431
0.005430
0.005429
0.005428
0.005427
0.005426
0.005425
0.005424
0.005423
0.005422
0.005421
0.005419
0.005418
0.005417
0.005416
0.005415
0.005414
0.005413
0.005412
0.005411
0.005410
0.005409
0.005408
0.005406
0.005405
0.005404
0.005403
0.005402
0.005401
0.005400
0.005399
0.005398
0.005397
0.005396
0.005395
0.005394
0.005393
0.005391
0.005390
0.005389
0.005388
0.005387
0.005386
0.005385
0.005384
0.005383
0.005382
0.005381
0.005380
0.005379
0.005378
0.005376
0.005375
0.005374
0.005373
0.005372
0.005371
0.005370
0.005369
0.005368
0.005367
0.005366
0.005365
0.005364
0.005363
0.005362
0.005361
0.005359
0.005358
0.005357
0.005356
0.005355
0.005354
0.005353
0.005352
0.005351
0.005350
0.005349
0.005348
0.005347
0.005346
0.005345
0.005344
0.005343
0.005342
0.005340
0.005339
0.005338
0.005337
0.005336
0.005335
0.005334
0.005333
0.005332
0.005331
0.005330
0.005329
0.005328
0.005327
0.005326
0.005325
0.005324
0.005323
0.005322
0.005321
0.005319
0.005318
0.005317
0.005316
0.005315
0.005314
0.005313
0.005312
0.005311
0.005310
0.005309
0.005308
0.005307
0.005306
0.005305
0.005304
0.005303
0.005302
0.005301
0.005300
0.005299
0.005298
0.005297
0.005296
0.005295
0.005293
0.005292
0.005291
0.005290
0.005289
0.005288
0.005287
0.005286
0.005285
0.005284
0.005283
0.005282
0.005281
0.005280
0.005279
0.005278
0.005277
0.005276
0.005275
0.005274
0.005273
0.005272
0.005271
0.005270
0.005269
0.005268
0.005267
0.005266
0.005265
0.005264
0.005263
0.005262
0.005261
0.005260
0.005259
0.005257
0.005256
0.005255
0.005254
0.005253
0.005252
0.005251
0.005250
0.005249
0.005248
0.005247
0.005246
0.005245
0.005244
0.005243
0.005242
0.005241
0.005240
0.005239
0.005238
0.005237
0.005236
0.005235
0.005234
0.005233
0.005232
0.005231
0.005230
0.005229
0.005228
0.005227
0.005226
0.005225
0.005224
0.005223
0.005222
0.005221
0.005220
0.005219
0.005218
0.005217
0.005216
0.005215
0.005214
0.005213
0.005212
0.005211
0.005210
0.005209
0.005208
0.005207
0.005206
0.005205
0.005204
0.005203
0.005202
0.005201
0.005200
0.005199
0.005198
0.005197
0.005196
0.005195
0.005194
0.005193
0.005192
0.005191
0.005190
0.005189
0.005188
0.005187
0.005186
0.005185
0.005184
0.005183
0.005182
0.005181
0.005180
0.005179
0.005178
0.005177
0.005176
0.005175
0.005174
0.005173
0.005172
0.005171
0.005170
0.005169
0.005168
0.005167
0.005166
0.005165
0.005164
0.005163
0.005162
0.005161
0.005160
0.005159
0.005158
0.005157
0.005156
0.005155
0.005154
0.005153
0.005152
0.005151
0.005150
0.005149
0.005148
0.005147
0.005146
0.005145
0.005144
0.005143
0.005142
0.005141
0.005140
0.005139
0.005138
0.005138
0.005137
0.005136
0.005135
0.005134
0.005133
0.005132
0.005131
0.005130
0.005129
0.005128
0.005127
0.005126
0.005125
0.005124
0.005123
0.005122
0.005121
0.005120
0.005119
0.005118
0.005117
0.005116
0.005115
0.005114
0.005113
0.005112
0.005111
0.005110
0.005109
0.005108
0.005107
0.005106
0.005105
0.005104
0.005104
0.005103
0.005102
0.005101
0.005100
0.005099
0.005098
0.005097
0.005096
0.005095
0.005094
0.005093
0.005092
0.005091
0.005090
0.005089
0.005088
0.005087
0.005086
0.005085
0.005084
0.005083
0.005082
0.005081
0.005080
0.005079
0.005079
0.005078
0.005077
0.005076
0.005075
0.005074
0.005073
0.005072
0.005071
0.005070
0.005069
0.005068
0.005067
0.005066
0.005065
0.005064
0.005063
0.005062
0.005061
0.005060
0.005059
0.005058
0.005058
0.005057
0.005056
0.005055
0.005054
0.005053
0.005052
0.005051
0.005050
0.005049
0.005048
0.005047
0.005046
0.005045
0.005044
0.005043
0.005042
0.005041
0.005041
0.005040
0.005039
0.005038
0.005037
0.005036
0.005035
0.005034
0.005033
0.005032
0.005031
0.005030
0.005029
0.005028
0.005027
0.005026
0.005025
0.005025
0.005024
0.005023
0.005022
0.005021
0.005020
0.005019
0.005018
0.005017
0.005016
0.005015
0.005014
0.005013
0.005012
0.005011
0.005010
0.005010
0.005009
0.005008
0.005007
0.005006
0.005005
0.005004
0.005003
0.005002
0.005001
0.005000
0.004999
0.004998
0.004997
0.004997
0.004996
0.004995
0.004994
0.004993
0.004992
0.004991
0.004990
0.004989
0.004988
0.004987
0.004986
0.004985
0.004985
0.004984
0.004983
0.004982
0.004981
0.004980
0.004979
0.004978
0.004977
0.004976
0.004975
0.004974
0.004973
0.004973
0.004972
0.004971
0.004970
0.004969
0.004968
0.004967
0.004966
0.004965
0.004964
0.004963
0.004962
0.004962
0.004961
0.004960
0.004959
0.004958
0.004957
0.004956
0.004955
0.004954
0.004953
0.004952
0.004951
0.004951
0.004950
0.004949
0.004948
0.004947
0.004946
0.004945
0.004944
0.004943
0.004942
0.004941
0.004941
0.004940
0.004939
0.004938
0.004937
0.004936
0.004935
0.004934
0.004933
0.004932
0.004932
0.004931
0.004930
0.004929
0.004928
0.004927
0.004926
0.004925
0.004924
0.004923
0.004922
0.004922
0.004921
0.004920
0.004919
0.004918
0.004917
0.004916
0.004915
0.004914
0.004913
0.004913
0.004912
0.004911
0.004910
0.004909
0.004908
0.004907
0.004906
0.004905
0.004905
0.004904
0.004903
0.004902
0.004901
0.004900
0.004899
0.004898
0.004897
0.004896
0.004896
0.004895
0.004894
0.004893
0.004892
0.004891
0.004890
0.004889
0.004888
0.004888
0.004887
0.004886
0.004885
0.004884
0.004883
0.004882
0.004881
0.004880
0.004880
0.004879
0.004878
0.004877
0.004876
0.004875
0.004874
0.004873
0.004872
0.004872
0.004871
0.004870
0.004869
0.004868
0.004867
0.004866
0.004865
0.004865
0.004864
0.004863
0.004862
0.004861
0.004860
0.004859
0.004858
0.004857
0.004857
0.004856
0.004855
0.004854
0.004853
0.004852
0.004851
0.004850
0.004850
0.004849
0.004848
0.004847
0.004846
0.004845
0.004844
0.004843
0.004843
0.004842
0.004841
0.004840
0.004839
0.004838
0.004837
0.004836
0.004836
0.004835
0.004834
0.004833
0.004832
0.004831
0.004830
0.004830
0.004829
0.004828
0.004827
0.004826
0.004825
0.004824
0.004823
0.004823
0.004822
0.004821
0.004820
0.004819
0.004818
0.004817
0.004816
0.004816
0.004815
0.004814
0.004813
0.004812
0.004811
0.004810
0.004810
0.004809
0.004808
0.004807
0.004806
0.004805
0.004804
0.004804
0.004803
0.004802
0.004801
0.004800
0.004799
0.004798
0.004798
0.004797
0.004796
0.004795
0.004794
0.004793
0.004792
0.004792
0.004791
0.004790
0.004789
0.004788
0.004787
0.004786
0.004786
0.004785
0.004784
0.004783
0.004782
0.004781
0.004780
0.004780
0.004779
0.004778
0.004777
0.004776
0.004775
0.004774
0.004774
0.004773
0.004772
0.004771
0.004770
0.004769
0.004769
0.004768
0.004767
0.004766
0.004765
0.004764
0.004763
0.004763
0.004762
0.004761
0.004760
0.004759
0.004758
0.004757
0.004757
0.004756
0.004755
0.004754
0.004753
0.004752
0.004752
0.004751
0.004750
0.004749
0.004748
0.004747
0.004747
0.004746
0.004745
0.004744
0.004743
0.004742
0.004741
0.004741
0.004740
0.004739
0.004738
0.004737
0.004736
0.004736
0.004735
0.004734
0.004733
0.004732
0.004731
0.004731
0.004730
0.004729
0.004728
0.004727
0.004726
0.004726
0.004725
0.004724
0.004723
0.004722
0.004721
0.004721
0.004720
0.004719
0.004718
0.004717
0.004716
0.004716
0.004715
0.004714
0.004713
0.004712
0.004711
0.004711
0.004710
0.004709
0.004708
0.004707
0.004706
0.004706
0.004705
0.004704
0.004703
0.004702
0.004702
0.004701
0.004700
0.004699
0.004698
0.004697
0.004697
0.004696
0.004695
0.004694
0.004693
0.004692
0.004692
0.004691
0.004690
0.004689
0.004688
0.004688
0.004687
0.004686
0.004685
0.004684
0.004683
0.004683
0.004682
0.004681
0.004680
0.004679
0.004678
0.004678
0.004677
0.004676
0.004675
0.004674
0.004674
0.004673
0.004672
0.004671
0.004670
0.004670
0.004669
0.004668
0.004667
0.004666
0.004665
0.004665
0.004664
0.004663
0.004662
0.004661
0.004661
0.004660
0.004659
0.004658
0.004657
0.004656
0.004656
0.004655
0.004654
0.004653
0.004652
0.004652
0.004651
0.004650
0.004649
0.004648
0.004648
0.004647
0.004646
0.004645
0.004644
0.004644
0.004643
0.004642
0.004641
0.004640
0.004640
0.004639
0.004638
0.004637
0.004636
0.004635
0.004635
0.004634
0.004633
0.004632
0.004631
0.004631
0.004630
0.004629
0.004628
0.004627
0.004627
0.004626
0.004625
0.004624
0.004623
0.004623
0.004622
0.004621
0.004620
0.004619
0.004619
0.004618
0.004617
0.004616
0.004615
0.004615
0.004614
0.004613
0.004612
0.004611
0.004611
0.004610
0.004609
0.004608
0.004608
0.004607
0.004606
0.004605
0.004604
0.004604
0.004603
0.004602
0.004601
0.004600
0.004600
0.004599
0.004598
0.004597
0.004596
0.004596
0.004595
0.004594
0.004593
0.004592
0.004592
0.004591
0.004590
0.004589
0.004589
0.004588
0.004587
0.004586
0.004585
0.004585
0.004584
0.004583
0.004582
0.004581
0.004581
0.004580
0.004579
0.004578
0.004577
0.004577
0.004576
0.004575
0.004574
0.004574
0.004573
0.004572
0.004571
0.004570
0.004570
0.004569
0.004568
0.004567
0.004567
0.004566
0.004565
0.004564
0.004563
0.004563
0.004562
0.004561
0.004560
0.004559
0.004559
0.004558
0.004557
0.004556
0.004556
0.004555
0.004554
0.004553
0.004552
0.004552
0.004551
0.004550
0.004549
0.004549
0.004548
0.004547
0.004546
0.004546
0.004545
0.004544
0.004543
0.004542
0.004542
0.004541
0.004540
0.004539
0.004539
0.004538
0.004537
0.004536
0.004535
0.004535
0.004534
0.004533
0.004532
0.004532
0.004531
0.004530
0.004529
0.004529
0.004528
0.004527
0.004526
0.004525
0.004525
0.004524
0.004523
0.004522
0.004522
0.004521
0.004520
0.004519
0.004519
0.004518
0.004517
0.004516
0.004515
0.004515
0.004514
0.004513
0.004512
0.004512
0.004511
0.004510
0.004509
0.004509
0.004508
0.004507
0.004506
0.004506
0.004505
0.004504
0.004503
0.004503
0.004502
0.004501
0.004500
0.004499
0.004499
0.004498
0.004497
0.004496
0.004496
0.004495
0.004494
0.004493
0.004493
0.004492
0.004491
0.004490
0.004490
0.004489
0.004488
0.004487
0.004487
0.004486
0.004485
0.004484
0.004484
0.004483
0.004482
0.004481
0.004481
0.004480
0.004479
0.004478
0.004478
0.004477
0.004476
0.004475
0.004475
0.004474
0.004473
0.004472
0.004472
0.004471
0.004470
0.004469
0.004469
0.004468
0.004467
0.004466
0.004466
0.004465
0.004464
0.004463
0.004463
0.004462
0.004461
0.004460
0.004460
0.004459
0.004458
0.004457
0.004457
0.004456
0.004455
0.004454
0.004454
0.004453
0.004452
0.004451
0.004451
0.004450
0.004449
0.004448
0.004448
0.004447
0.004446
0.004445
0.004445
0.004444
0.004443
0.004442
0.004442
0.004441
0.004440
0.004439
0.004439
0.004438
0.004437
0.004436
0.004436
0.004435
0.004434
0.004434
0.004433
0.004432
0.004431
0.004431
0.004430
0.004429
0.004428
0.004428
0.004427
0.004426
0.004425
0.004425
0.004424
0.004423
0.004422
0.004422
0.004421
0.004420
0.004420
0.004419
0.004418
0.004417
0.004417
0.004416
0.004415
0.004414
0.004414
0.004413
0.004412
0.004411
0.004411
0.004410
0.004409
0.004409
0.004408
0.004407
0.004406
0.004406
0.004405
0.004404
0.004403
0.004403
0.004402
0.004401
0.004401
0.004400
0.004399
0.004398
0.004398
0.004397
0.004396
0.004395
0.004395
0.004394
0.004393
0.004393
0.004392
0.004391
0.004390
0.004390
0.004389
0.004388
0.004387
0.004387
0.004386
0.004385
0.004385
0.004384
0.004383
0.004382
0.004382
0.004381
0.004380
0.004380
0.004379
0.004378
0.004377
0.004377
0.004376
0.004375
0.004374
0.004374
0.004373
0.004372
0.004372
0.004371
0.004370
0.004369
0.004369
0.004368
0.004367
0.004367
0.004366
0.004365
0.004364
0.004364
0.004363
0.004362
0.004362
0.004361
0.004360
0.004359
0.004359
0.004358
0.004357
0.004357
0.004356
0.004355
0.004354
0.004354
0.004353
0.004352
0.004352
0.004351
0.004350
0.004349
0.004349
0.004348
0.004347
0.004347
0.004346
0.004345
0.004344
0.004344
0.004343
0.004342
0.004342
0.004341
0.004340
0.004339
0.004339
0.004338
0.004337
0.004337
0.004336
0.004335
0.004334
0.004334
0.004333
0.004332
0.004332
0.004331
0.004330
0.004330
0.004329
0.004328
0.004327
0.004327
0.004326
0.004325
0.004325
0.004324
0.004323
0.004323
0.004322
0.004321
0.004320
0.004320
0.004319
0.004318
0.004318
0.004317
0.004316
0.004315
0.004315
0.004314
0.004313
0.004313
0.004312
0.004311
0.004311
0.004310
0.004309
0.004308
0.004308
0.004307
0.004306
0.004306
0.004305
0.004304
0.004304
0.004303
0.004302
0.004301
0.004301
0.004300
0.004299
0.004299
0.004298
0.004297
0.004297
0.004296
0.004295
0.004295
0.004294
0.004293
0.004292
0.004292
0.004291
0.004290
0.004290
0.004289
0.004288
0.004288
0.004287
0.004286
0.004285
0.004285
0.004284
0.004283
0.004283
0.004282
0.004281
0.004281
0.004280
0.004279
0.004279
0.004278
0.004277
0.004277
0.004276
0.004275
0.004274
0.004274
0.004273
0.004272
0.004272
0.004271
0.004270
0.004270
0.004269
0.004268
0.004268
0.004267
0.004266
0.004266
0.004265
0.004264
0.004263
0.004263
0.004262
0.004261
0.004261
0.004260
0.004259
0.004259
0.004258
0.004257
0.004257
0.004256
0.004255
0.004255
0.004254
0.004253
0.004253
0.004252
0.004251
0.004250
0.004250
0.004249
0.004248
0.004248
0.004247
0.004246
0.004246
0.004245
0.004244
0.004244
0.004243
0.004242
0.004242
0.004241
0.004240
0.004240
0.004239
0.004238
0.004238
0.004237
0.004236
0.004236
0.004235
0.004234
0.004233
0.004233
0.004232
0.004231
0.004231
0.004230
0.004229
0.004229
0.004228
0.004227
0.004227
0.004226
0.004225
0.004225
0.004224
0.004223
0.004223
0.004222
0.004221
0.004221
0.004220
0.004219
0.004219
0.004218
0.004217
0.004217
0.004216
0.004215
0.004215
0.004214
0.004213
0.004213
0.004212
0.004211
0.004211
0.004210
0.004209
0.004209
0.004208
0.004207
0.004207
0.004206
0.004205
0.004205
0.004204
0.004203
0.004203
0.004202
0.004201
0.004201
0.004200
0.004199
0.004199
0.004198
0.004197
0.004197
0.004196
0.004195
0.004195
0.004194
0.004193
0.004193
0.004192
0.004191
0.004191
0.004190
0.004189
0.004189
0.004188
0.004187
0.004187
0.004186
0.004185
0.004185
0.004184
0.004183
0.004183
0.004182
0.004181
0.004181
0.004180
0.004179
0.004179
0.004178
0.004177
0.004177
0.004176
0.004175
0.004175
0.004174
0.004173
0.004173
0.004172
0.004171
0.004171
0.004170
0.004169
0.004169
0.004168
0.004168
0.004167
0.004166
0.004166
0.004165
0.004164
0.004164
0.004163
0.004162
0.004162
0.004161
0.004160
0.004160
0.004159
0.004158
0.004158
0.004157
0.004156
0.004156
0.004155
0.004154
0.004154
0.004153
0.004152
0.004152
0.004151
0.004151
0.004150
0.004149
0.004149
0.004148
0.004147
0.004147
0.004146
0.004145
0.004145
0.004144
0.004143
0.004143
0.004142
0.004141
0.004141
0.004140
0.004139
0.004139
0.004138
0.004138
0.004137
0.004136
0.004136
0.004135
0.004134
0.004134
0.004133
0.004132
0.004132
0.004131
0.004130
0.004130
0.004129
0.004128
0.004128
0.004127
0.004127
0.004126
0.004125
0.004125
0.004124
0.004123
0.004123
0.004122
0.004121
0.004121
0.004120
0.004119
0.004119
0.004118
0.004118
0.004117
0.004116
0.004116
0.004115
0.004114
0.004114
0.004113
0.004112
0.004112
0.004111
0.004111
0.004110
0.004109
0.004109
0.004108
0.004107
0.004107
0.004106
0.004105
0.004105
0.004104
0.004103
0.004103
0.004102
0.004102
0.004101
0.004100
0.004100
0.004099
0.004098
0.004098
0.004097
0.004096
0.004096
0.004095
0.004095
0.004094
0.004093
0.004093
0.004092
0.004091
0.004091
0.004090
0.004090
0.004089
0.004088
0.004088
0.004087
0.004086
0.004086
0.004085
0.004084
0.004084
0.004083
0.004083
0.004082
0.004081
0.004081
0.004080
0.004079
0.004079
0.004078
0.004078
0.004077
0.004076
0.004076
0.004075
0.004074
0.004074
0.004073
0.004072
0.004072
0.004071
0.004071
0.004070
0.004069
0.004069
0.004068
0.004067
0.004067
0.004066
0.004066
0.004065
0.004064
0.004064
0.004063
0.004062
0.004062
0.004061
0.004061
0.004060
0.004059
0.004059
0.004058
0.004057
0.004057
0.004056
0.004056
0.004055
0.004054
0.004054
0.004053
0.004052
0.004052
0.004051
0.004051
0.004050
0.004049
0.004049
0.004048
0.004048
0.004047
0.004046
0.004046
0.004045
0.004044
0.004044
0.004043
0.004043
0.004042
0.004041
0.004041
0.004040
0.004039
0.004039
0.004038
0.004038
0.004037
0.004036
0.004036
0.004035
0.004035
0.004034
0.004033
0.004033
0.004032
0.004031
0.004031
0.004030
0.004030
0.004029
0.004028
0.004028
0.004027
0.004027
0.004026
0.004025
0.004025
0.004024
0.004023
0.004023
0.004022
0.004022
0.004021
0.004020
0.004020
0.004019
0.004019
0.004018
0.004017
0.004017
0.004016
0.004015
0.004015
0.004014
0.004014
0.004013
0.004012
0.004012
0.004011
0.004011
0.004010
0.004009
0.004009
0.004008
0.004008
0.004007
0.004006
0.004006
0.004005
0.004004
0.004004
0.004003
0.004003
0.004002
0.004001
0.004001
0.004000
0.004000
0.003999
0.003998
0.003998
0.003997
0.003997
0.003996
0.003995
0.003995
0.003994
0.003994
0.003993
0.003992
0.003992
0.003991
0.003991
0.003990
0.003989
0.003989
0.003988
0.003988
0.003987
0.003986
0.003986
0.003985
0.003985
0.003984
0.003983
0.003983
0.003982
0.003982
0.003981
0.003980
0.003980
0.003979
0.003979
0.003978
0.003977
0.003977
0.003976
0.003976
0.003975
0.003974
0.003974
0.003973
0.003973
0.003972
0.003971
0.003971
0.003970
0.003970
0.003969
0.003968
0.003968
0.003967
0.003967
0.003966
0.003965
0.003965
0.003964
0.003964
0.003963
0.003962
0.003962
0.003961
0.003961
0.003960
0.003959
0.003959
0.003958
0.003958
0.003957
0.003956
0.003956
0.003955
0.003955
0.003954
0.003953
0.003953
0.003952
0.003952
0.003951
0.003950
0.003950
0.003949
0.003949
0.003948
0.003948
0.003947
0.003946
0.003946
0.003945
0.003945
0.003944
0.003943
0.003943
0.003942
0.003942
0.003941
0.003940
0.003940
0.003939
0.003939
0.003938
0.003937
0.003937
0.003936
0.003936
0.003935
0.003935
0.003934
0.003933
0.003933
0.003932
0.003932
0.003931
0.003930
0.003930
0.003929
0.003929
0.003928
0.003927
0.003927
0.003926
0.003926
0.003925
0.003925
0.003924
0.003923
0.003923
0.003922
0.003922
0.003921
0.003920
0.003920
0.003919
0.003919
0.003918
0.003918
0.003917
0.003916
0.003916
0.003915
0.003915
0.003914
0.003913
0.003913
0.003912
0.003912
0.003911
0.003911
0.003910
0.003909
0.003909
0.003908
0.003908
0.003907
0.003906
0.003906
0.003905
0.003905
0.003904
0.003904
0.003903
0.003902
0.003902
0.003901
0.003901
0.003900
0.003900
0.003899
0.003898
0.003898
0.003897
0.003897
0.003896
0.003896
0.003895
0.003894
0.003894
0.003893
0.003893
0.003892
0.003891
0.003891
0.003890
0.003890
0.003889
0.003889
0.003888
0.003887
0.003887
0.003886
0.003886
0.003885
0.003885
0.003884
0.003883
0.003883
0.003882
0.003882
0.003881
0.003881
0.003880
0.003879
0.003879
0.003878
0.003878
0.003877
0.003877
0.003876
0.003875
0.003875
0.003874
0.003874
0.003873
0.003873
0.003872
0.003871
0.003871
0.003870
0.003870
0.003869
0.003869
0.003868
0.003867
0.003867
0.003866
0.003866
0.003865
0.003865
0.003864
0.003863
0.003863
0.003862
0.003862
0.003861
0.003861
0.003860
0.003859
0.003859
0.003858
0.003858
0.003857
0.003857
0.003856
0.003856
0.003855
0.003854
0.003854
0.003853
0.003853
0.003852
0.003852
0.003851
0.003850
0.003850
0.003849
0.003849
0.003848
0.003848
0.003847
0.003846
0.003846
0.003845
0.003845
0.003844
0.003844
0.003843
0.003843
0.003842
0.003841
0.003841
0.003840
0.003840
0.003839
0.003839
0.003838
0.003837
0.003837
0.003836
0.003836
0.003835
0.003835
0.003834
0.003834
0.003833
0.003832
0.003832
0.003831
0.003831
0.003830
0.003830
0.003829
0.003829
0.003828
0.003827
0.003827
0.003826
0.003826
0.003825
0.003825
0.003824
0.003824
0.003823
0.003822
0.003822
0.003821
0.003821
0.003820
0.003820
0.003819
0.003819
0.003818
0.003817
0.003817
0.003816
0.003816
0.003815
0.003815
0.003814
0.003814
0.003813
0.003812
0.003812
0.003811
0.003811
0.003810
0.003810
0.003809
0.003809
0.003808
0.003807
0.003807
0.003806
0.003806
0.003805
0.003805
0.003804
0.003804
0.003803
0.003802
0.003802
0.003801
0.003801
0.003800
0.003800
0.003799
0.003799
0.003798
0.003798
0.003797
0.003796
0.003796
0.003795
0.003795
0.003794
0.003794
0.003793
0.003793
0.003792
0.003791
0.003791
0.003790
0.003790
0.003789
0.003789
0.003788
0.003788
0.003787
0.003787
0.003786
0.003785
0.003785
0.003784
0.003784
0.003783
0.003783
0.003782
0.003782
0.003781
0.003781
0.003780
0.003779
0.003779
0.003778
0.003778
0.003777
0.003777
0.003776
0.003776
0.003775
0.003775
0.003774
0.003774
0.003773
0.003772
0.003772
0.003771
0.003771
0.003770
0.003770
0.003769
0.003769
0.003768
0.003768
0.003767
0.003766
0.003766
0.003765
0.003765
0.003764
0.003764
0.003763
0.003763
0.003762
0.003762
0.003761
0.003761
0.003760
0.003759
0.003759
0.003758
0.003758
0.003757
0.003757
0.003756
0.003756
0.003755
0.003755
0.003754
0.003754
0.003753
0.003752
0.003752
0.003751
0.003751
0.003750
0.003750
0.003749
0.003749
0.003748
0.003748
0.003747
0.003747
0.003746
0.003745
0.003745
0.003744
0.003744
0.003743
0.003743
0.003742
0.003742
0.003741
0.003741
0.003740
0.003740
0.003739
0.003739
0.003738
0.003737
0.003737
0.003736
0.003736
0.003735
0.003735
0.003734
0.003734
0.003733
0.003733
0.003732
0.003732
0.003731
0.003731
0.003730
0.003729
0.003729
0.003728
0.003728
0.003727
0.003727
0.003726
0.003726
0.003725
0.003725
0.003724
0.003724
0.003723
0.003723
0.003722
0.003722
0.003721
0.003720
0.003720
0.003719
0.003719
0.003718
0.003718
0.003717
0.003717
0.003716
0.003716
0.003715
0.003715
0.003714
0.003714
0.003713
0.003713
0.003712
0.003712
0.003711
0.003710
0.003710
0.003709
0.003709
0.003708
0.003708
0.003707
0.003707
0.003706
0.003706
0.003705
0.003705
0.003704
0.003704
0.003703
0.003703
0.003702
0.003702
0.003701
0.003701
0.003700
0.003699
0.003699
0.003698
0.003698
0.003697
0.003697
0.003696
0.003696
0.003695
0.003695
0.003694
0.003694
0.003693
0.003693
0.003692
0.003692
0.003691
0.003691
0.003690
0.003690
0.003689
0.003689
0.003688
0.003687
0.003687
0.003686
0.003686
0.003685
0.003685
0.003684
0.003684
0.003683
0.003683
0.003682
0.003682
0.003681
0.003681
0.003680
0.003680
0.003679
0.003679
0.003678
0.003678
0.003677
0.003677
0.003676
0.003676
0.003675
0.003675
0.003674
0.003674
0.003673
0.003672
0.003672
0.003671
0.003671
0.003670
0.003670
0.003669
0.003669
0.003668
0.003668
0.003667
0.003667
0.003666
0.003666
0.003665
0.003665
0.003664
0.003664
0.003663
0.003663
0.003662
0.003662
0.003661
0.003661
0.003660
0.003660
0.003659
0.003659
0.003658
0.003658
0.003657
0.003657
0.003656
0.003656
0.003655
0.003655
0.003654
0.003654
0.003653
0.003652
0.003652
0.003651
0.003651
0.003650
0.003650
0.003649
0.003649
0.003648
0.003648
0.003647
0.003647
0.003646
0.003646
0.003645
0.003645
0.003644
0.003644
0.003643
0.003643
0.003642
0.003642
0.003641
0.003641
0.003640
0.003640
0.003639
0.003639
0.003638
0.003638
0.003637
0.003637
0.003636
0.003636
0.003635
0.003635
0.003634
0.003634
0.003633
0.003633
0.003632
0.003632
0.003631
0.003631
0.003630
0.003630
0.003629
0.003629
0.003628
0.003628
0.003627
0.003627
0.003626
0.003626
0.003625
0.003625
0.003624
0.003624
0.003623
0.003623
0.003622
0.003622
0.003621
0.003621
0.003620
0.003620
0.003619
0.003619
0.003618
0.003618
0.003617
0.003617
0.003616
0.003616
0.003615
0.003615
0.003614
0.003614
0.003613
0.003613
0.003612
0.003612
0.003611
0.003611
0.003610
0.003610
0.003609
0.003609
0.003608
0.003608
0.003607
0.003607
0.003606
0.003606
0.003605
0.003605
0.003604
0.003604
0.003603
0.003603
0.003602
0.003602
0.003601
0.003601
0.003600
0.003600
0.003599
0.003599
0.003598
0.003598
0.003597
0.003597
0.003596
0.003596
0.003595
0.003595
0.003594
0.003594
0.003593
0.003593
0.003592
0.003592
0.003591
0.003591
0.003590
0.003590
0.003589
0.003589
0.003588
0.003588
0.003587
0.003587
0.003586
0.003586
0.003585
0.003585
0.003584
0.003584
0.003583
0.003583
0.003582
0.003582
0.003581
0.003581
0.003580
0.003580
0.003579
0.003579
0.003578
0.003578
0.003577
0.003577
0.003577
0.003576
0.003576
0.003575
0.003575
0.003574
0.003574
0.003573
0.003573
0.003572
0.003572
0.003571
0.003571
0.003570
0.003570
0.003569
0.003569
0.003568
0.003568
0.003567
0.003567
0.003566
0.003566
0.003565
0.003565
0.003564
0.003564
0.003563
0.003563
0.003562
0.003562
0.003561
0.003561
0.003560
0.003560
0.003559
0.003559
0.003558
0.003558
0.003558
0.003557
0.003557
0.003556
0.003556
0.003555
0.003555
0.003554
0.003554
0.003553
0.003553
0.003552
0.003552
0.003551
0.003551
0.003550
0.003550
0.003549
0.003549
0.003548
0.003548
0.003547
0.003547
0.003546
0.003546
0.003545
0.003545
0.003544
0.003544
0.003544
0.003543
0.003543
0.003542
0.003542
0.003541
0.003541
0.003540
0.003540
0.003539
0.003539
0.003538
0.003538
0.003537
0.003537
0.003536
0.003536
0.003535
0.003535
0.003534
0.003534
0.003533
0.003533
0.003532
0.003532
0.003532
0.003531
0.003531
0.003530
0.003530
0.003529
0.003529
0.003528
0.003528
0.003527
0.003527
0.003526
0.003526
0.003525
0.003525
0.003524
0.003524
0.003523
0.003523
0.003522
0.003522
0.003522
0.003521
0.003521
0.003520
0.003520
0.003519
0.003519
0.003518
0.003518
0.003517
0.003517
0.003516
0.003516
0.003515
0.003515
0.003514
0.003514
0.003513
0.003513
0.003512
0.003512
0.003512
0.003511
0.003511
0.003510
0.003510
0.003509
0.003509
0.003508
0.003508
0.003507
0.003507
0.003506
0.003506
0.003505
0.003505
0.003504
0.003504
0.003504
0.003503
0.003503
0.003502
0.003502
0.003501
0.003501
0.003500
0.003500
0.003499
0.003499
0.003498
0.003498
0.003497
0.003497
0.003496
0.003496
0.003496
0.003495
0.003495
0.003494
0.003494
0.003493
0.003493
0.003492
0.003492
0.003491
0.003491
0.003490
0.003490
0.003489
0.003489
0.003489
0.003488
0.003488
0.003487
0.003487
0.003486
0.003486
0.003485
0.003485
0.003484
0.003484
0.003483
0.003483
0.003482
0.003482
0.003482
0.003481
0.003481
0.003480
0.003480
0.003479
0.003479
0.003478
0.003478
0.003477
0.003477
0.003476
0.003476
0.003475
0.003475
0.003475
0.003474
0.003474
0.003473
0.003473
0.003472
0.003472
0.003471
0.003471
0.003470
0.003470
0.003469
0.003469
0.003469
0.003468
0.003468
0.003467
0.003467
0.003466
0.003466
0.003465
0.003465
0.003464
0.003464
0.003463
0.003463
0.003463
0.003462
0.003462
0.003461
0.003461
0.003460
0.003460
0.003459
0.003459
0.003458
0.003458
0.003457
0.003457
0.003457
0.003456
0.003456
0.003455
0.003455
0.003454
0.003454
0.003453
0.003453
0.003452
0.003452
0.003452
0.003451
0.003451
0.003450
0.003450
0.003449
0.003449
0.003448
0.003448
0.003447
0.003447
0.003447
0.003446
0.003446
0.003445
0.003445
0.003444
0.003444
0.003443
0.003443
0.003442
0.003442
0.003442
0.003441
0.003441
0.003440
0.003440
0.003439
0.003439
0.003438
0.003438
0.003437
0.003437
0.003437
0.003436
0.003436
0.003435
0.003435
0.003434
0.003434
0.003433
0.003433
0.003432
0.003432
0.003432
0.003431
0.003431
0.003430
0.003430
0.003429
0.003429
0.003428
0.003428
0.003427
0.003427
0.003427
0.003426
0.003426
0.003425
0.003425
0.003424
0.003424
0.003423
0.003423
0.003422
0.003422
0.003422
0.003421
0.003421
0.003420
0.003420
0.003419
0.003419
0.003418
0.003418
0.003418
0.003417
0.003417
0.003416
0.003416
0.003415
0.003415
0.003414
0.003414
0.003414
0.003413
0.003413
0.003412
0.003412
0.003411
0.003411
0.003410
0.003410
0.003409
0.003409
0.003409
0.003408
0.003408
0.003407
0.003407
0.003406
0.003406
0.003405
0.003405
0.003405
0.003404
0.003404
0.003403
0.003403
0.003402
0.003402
0.003401
0.003401
0.003401
0.003400
0.003400
0.003399
0.003399
0.003398
0.003398
0.003397
0.003397
0.003397
0.003396
0.003396
0.003395
0.003395
0.003394
0.003394
0.003393
0.003393
0.003393
0.003392
0.003392
0.003391
0.003391
0.003390
0.003390
0.003390
0.003389
0.003389
0.003388
0.003388
0.003387
0.003387
0.003386
0.003386
0.003386
0.003385
0.003385
0.003384
0.003384
0.003383
0.003383
0.003382
0.003382
0.003382
0.003381
0.003381
0.003380
0.003380
0.003379
0.003379
0.003378
0.003378
0.003378
0.003377
0.003377
0.003376
0.003376
0.003375
0.003375
0.003375
0.003374
0.003374
0.003373
0.003373
0.003372
0.003372
0.003371
0.003371
0.003371
0.003370
0.003370
0.003369
0.003369
0.003368
0.003368
0.003368
0.003367
0.003367
0.003366
0.003366
0.003365
0.003365
0.003364
0.003364
0.003364
0.003363
0.003363
0.003362
0.003362
0.003361
0.003361
0.003361
0.003360
0.003360
0.003359
0.003359
0.003358
0.003358
0.003358
0.003357
0.003357
0.003356
0.003356
0.003355
0.003355
0.003354
0.003354
0.003354
0.003353
0.003353
0.003352
0.003352
0.003351
0.003351
0.003351
0.003350
0.003350
0.003349
0.003349
0.003348
0.003348
0.003348
0.003347
0.003347
0.003346
0.003346
0.003345
0.003345
0.003345
0.003344
0.003344
0.003343
0.003343
0.003342
0.003342
0.003342
0.003341
0.003341
0.003340
0.003340
0.003339
0.003339
0.003339
0.003338
0.003338
0.003337
0.003337
0.003336
0.003336
0.003336
0.003335
0.003335
0.003334
0.003334
0.003333
0.003333
0.003333
0.003332
0.003332
0.003331
0.003331
0.003330
0.003330
0.003330
0.003329
0.003329
0.003328
0.003328
0.003327
0.003327
0.003327
0.003326
0.003326
0.003325
0.003325
0.003324
0.003324
0.003324
0.003323
0.003323
0.003322
0.003322
0.003321
0.003321
0.003321
0.003320
0.003320
0.003319
0.003319
0.003318
0.003318
0.003318
0.003317
0.003317
0.003316
0.003316
0.003316
0.003315
0.003315
0.003314
0.003314
0.003313
0.003313
0.003313
0.003312
0.003312
0.003311
0.003311
0.003310
0.003310
0.003310
0.003309
0.003309
0.003308
0.003308
0.003307
0.003307
0.003307
0.003306
0.003306
0.003305
0.003305
0.003305
0.003304
0.003304
0.003303
0.003303
0.003302
0.003302
0.003302
0.003301
0.003301
0.003300
0.003300
0.003300
0.003299
0.003299
0.003298
0.003298
0.003297
0.003297
0.003297
0.003296
0.003296
0.003295
0.003295
0.003294
0.003294
0.003294
0.003293
0.003293
0.003292
0.003292
0.003292
0.003291
0.003291
0.003290
0.003290
0.003289
0.003289
0.003289
0.003288
0.003288
0.003287
0.003287
0.003287
0.003286
0.003286
0.003285
0.003285
0.003284
0.003284
0.003284
0.003283
0.003283
0.003282
0.003282
0.003282
0.003281
0.003281
0.003280
0.003280
0.003279
0.003279
0.003279
0.003278
0.003278
0.003277
0.003277
0.003277
0.003276
0.003276
0.003275
0.003275
0.003275
0.003274
0.003274
0.003273
0.003273
0.003272
0.003272
0.003272
0.003271
0.003271
0.003270
0.003270
0.003270
0.003269
0.003269
0.003268
0.003268
0.003267
0.003267
0.003267
0.003266
0.003266
0.003265
0.003265
0.003265
0.003264
0.003264
0.003263
0.003263
0.003263
0.003262
0.003262
0.003261
0.003261
0.003261
0.003260
0.003260
0.003259
0.003259
0.003258
0.003258
0.003258
0.003257
0.003257
0.003256
0.003256
0.003256
0.003255
0.003255
0.003254
0.003254
0.003254
0.003253
0.003253
0.003252
0.003252
0.003252
0.003251
0.003251
0.003250
0.003250
0.003249
0.003249
0.003249
0.003248
0.003248
0.003247
0.003247
0.003247
0.003246
0.003246
0.003245
0.003245
0.003245
0.003244
0.003244
0.003243
0.003243
0.003243
0.003242
0.003242
0.003241
0.003241
0.003241
0.003240
0.003240
0.003239
0.003239
0.003239
0.003238
0.003238
0.003237
0.003237
0.003236
0.003236
0.003236
0.003235
0.003235
0.003234
0.003234
0.003234
0.003233
0.003233
0.003232
0.003232
0.003232
0.003231
0.003231
0.003230
0.003230
0.003230
0.003229
0.003229
0.003228
0.003228
0.003228
0.003227
0.003227
0.003226
0.003226
0.003226
0.003225
0.003225
0.003224
0.003224
0.003224
0.003223
0.003223
0.003222
0.003222
0.003222
0.003221
0.003221
0.003220
0.003220
0.003220
0.003219
0.003219
0.003218
0.003218
0.003218
0.003217
0.003217
0.003216
0.003216
0.003216
0.003215
0.003215
0.003214
0.003214
0.003214
0.003213
0.003213
0.003212
0.003212
0.003212
0.003211
0.003211
0.003210
0.003210
0.003210
0.003209
0.003209
0.003208
0.003208
0.003208
0.003207
0.003207
0.003206
0.003206
0.003206
0.003205
0.003205
0.003204
0.003204
0.003204
0.003203
0.003203
0.003202
0.003202
0.003202
0.003201
0.003201
0.003200
0.003200
0.003200
0.003199
0.003199
0.003199
0.003198
0.003198
0.003197
0.003197
0.003197
0.003196
0.003196
0.003195
0.003195
0.003195
0.003194
0.003194
0.003193
0.003193
0.003193
0.003192
0.003192
0.003191
0.003191
0.003191
0.003190
0.003190
0.003189
0.003189
0.003189
0.003188
0.003188
0.003187
0.003187
0.003187
0.003186
0.003186
0.003186
0.003185
0.003185
0.003184
0.003184
0.003184
0.003183
0.003183
0.003182
0.003182
0.003182
0.003181
0.003181
0.003180
0.003180
0.003180
0.003179
0.003179
0.003178
0.003178
0.003178
0.003177
0.003177
0.003177
0.003176
0.003176
0.003175
0.003175
0.003175
0.003174
0.003174
0.003173
0.003173
0.003173
0.003172
0.003172
0.003171
0.003171
0.003171
0.003170
0.003170
0.003170
0.003169
0.003169
0.003168
0.003168
0.003168
0.003167
0.003167
0.003166
0.003166
0.003166
0.003165
0.003165
0.003164
0.003164
0.003164
0.003163
0.003163
0.003163
0.003162
0.003162
0.003161
0.003161
0.003161
0.003160
0.003160
0.003159
0.003159
0.003159
0.003158
0.003158
0.003158
0.003157
0.003157
0.003156
0.003156
0.003156
0.003155
0.003155
0.003154
0.003154
0.003154
0.003153
0.003153
0.003153
0.003152
0.003152
0.003151
0.003151
0.003151
0.003150
0.003150
0.003149
0.003149
0.003149
0.003148
0.003148
0.003148
0.003147
0.003147
0.003146
0.003146
0.003146
0.003145
0.003145
0.003144
0.003144
0.003144
0.003143
0.003143
0.003143
0.003142
0.003142
0.003141
0.003141
0.003141
0.003140
0.003140
0.003139
0.003139
0.003139
0.003138
0.003138
0.003138
0.003137
0.003137
0.003136
0.003136
0.003136
0.003135
0.003135
0.003135
0.003134
0.003134
0.003133
0.003133
0.003133
0.003132
0.003132
0.003132
0.003131
0.003131
0.003130
0.003130
0.003130
0.003129
0.003129
0.003128
0.003128
0.003128
0.003127
0.003127
0.003127
0.003126
0.003126
0.003125
0.003125
0.003125
0.003124
0.003124
0.003124
0.003123
0.003123
0.003122
0.003122
0.003122
0.003121
0.003121
0.003121
0.003120
0.003120
0.003119
0.003119
0.003119
0.003118
0.003118
0.003118
0.003117
0.003117
0.003116
0.003116
0.003116
0.003115
0.003115
0.003115
0.003114
0.003114
0.003113
0.003113
0.003113
0.003112
0.003112
0.003112
0.003111
0.003111
0.003110
0.003110
0.003110
0.003109
0.003109
0.003109
0.003108
0.003108
0.003107
0.003107
0.003107
0.003106
0.003106
0.003106
0.003105
0.003105
0.003104
0.003104
0.003104
0.003103
0.003103
0.003103
0.003102
0.003102
0.003101
0.003101
0.003101
0.003100
0.003100
0.003100
0.003099
0.003099
0.003098
0.003098
0.003098
0.003097
0.003097
0.003097
0.003096
0.003096
0.003095
0.003095
0.003095
0.003094
0.003094
0.003094
0.003093
0.003093
0.003093
0.003092
0.003092
0.003091
0.003091
0.003091
0.003090
0.003090
0.003090
0.003089
0.003089
0.003088
0.003088
0.003088
0.003087
0.003087
0.003087
0.003086
0.003086
0.003085
0.003085
0.003085
0.003084
0.003084
0.003084
0.003083
0.003083
0.003083
0.003082
0.003082
0.003081
0.003081
0.003081
0.003080
0.003080
0.003080
0.003079
0.003079
0.003078
0.003078
0.003078
0.003077
0.003077
0.003077
0.003076
0.003076
0.003076
0.003075
0.003075
0.003074
0.003074
0.003074
0.003073
0.003073
0.003073
0.003072
0.003072
0.003072
0.003071
0.003071
0.003070
0.003070
0.003070
0.003069
0.003069
0.003069
0.003068
0.003068
0.003068
0.003067
0.003067
0.003066
0.003066
0.003066
0.003065
0.003065
0.003065
0.003064
0.003064
0.003064
0.003063
0.003063
0.003062
0.003062
0.003062
0.003061
0.003061
0.003061
0.003060
0.003060
0.003060
0.003059
0.003059
0.003058
0.003058
0.003058
0.003057
0.003057
0.003057
0.003056
0.003056
0.003056
0.003055
0.003055
0.003054
0.003054
0.003054
0.003053
0.003053
0.003053
0.003052
0.003052
0.003052
0.003051
0.003051
0.003050
0.003050
0.003050
0.003049
0.003049
0.003049
0.003048
0.003048
0.003048
0.003047
0.003047
0.003047
0.003046
0.003046
0.003045
0.003045
0.003045
0.003044
0.003044
0.003044
0.003043
0.003043
0.003043
0.003042
0.003042
0.003041
0.003041
0.003041
0.003040
0.003040
0.003040
0.003039
0.003039
0.003039
0.003038
0.003038
0.003038
0.003037
0.003037
0.003036
0.003036
0.003036
0.003035
0.003035
0.003035
0.003034
0.003034
0.003034
0.003033
0.003033
0.003033
0.003032
0.003032
0.003031
0.003031
0.003031
0.003030
0.003030
0.003030
0.003029
0.003029
0.003029
0.003028
0.003028
0.003028
0.003027
0.003027
0.003026
0.003026
0.003026
0.003025
0.003025
0.003025
0.003024
0.003024
0.003024
0.003023
0.003023
0.003023
0.003022
0.003022
0.003022
0.003021
0.003021
0.003020
0.003020
0.003020
0.003019
0.003019
0.003019
0.003018
0.003018
0.003018
0.003017
0.003017
0.003017
0.003016
0.003016
0.003016
0.003015
0.003015
0.003014
0.003014
0.003014
0.003013
0.003013
0.003013
0.003012
0.003012
0.003012
0.003011
0.003011
0.003011
0.003010
0.003010
0.003010
0.003009
0.003009
0.003008
0.003008
0.003008
0.003007
0.003007
0.003007
0.003006
0.003006
0.003006
0.003005
0.003005
0.003005
0.003004
0.003004
0.003004
0.003003
0.003003
0.003003
0.003002
0.003002
0.003001
0.003001
0.003001
0.003000
0.003000
0.003000
0.002999
0.002999
0.002999
0.002998
0.002998
0.002998
0.002997
0.002997
0.002997
0.002996
0.002996
0.002996
0.002995
0.002995
0.002994
0.002994
0.002994
0.002993
0.002993
0.002993
0.002992
0.002992
0.002992
0.002991
0.002991
0.002991
0.002990
0.002990
0.002990
0.002989
0.002989
0.002989
0.002988
0.002988
0.002988
0.002987
0.002987
0.002986
0.002986
0.002986
0.002985
0.002985
0.002985
0.002984
0.002984
0.002984
0.002983
0.002983
0.002983
0.002982
0.002982
0.002982
0.002981
0.002981
0.002981
0.002980
0.002980
0.002980
0.002979
0.002979
0.002979
0.002978
0.002978
0.002978
0.002977
0.002977
0.002976
0.002976
0.002976
0.002975
0.002975
0.002975
0.002974
0.002974
0.002974
0.002973
0.002973
0.002973
0.002972
0.002972
0.002972
0.002971
0.002971
0.002971
0.002970
0.002970
0.002970
0.002969
0.002969
0.002969
0.002968
0.002968
0.002968
0.002967
0.002967
0.002967
0.002966
0.002966
0.002965
0.002965
0.002965
0.002964
0.002964
0.002964
0.002963
0.002963
0.002963
0.002962
0.002962
0.002962
0.002961
0.002961
0.002961
0.002960
0.002960
0.002960
0.002959
0.002959
0.002959
0.002958
0.002958
0.002958
0.002957
0.002957
0.002957
0.002956
0.002956
0.002956
0.002955
0.002955
0.002955
0.002954
0.002954
0.002954
0.002953
0.002953
0.002953
0.002952
0.002952
0.002952
0.002951
0.002951
0.002951
0.002950
0.002950
0.002950
0.002949
0.002949
0.002949
0.002948
0.002948
0.002947
0.002947
0.002947
0.002946
0.002946
0.002946
0.002945
0.002945
0.002945
0.002944
0.002944
0.002944
0.002943
0.002943
0.002943
0.002942
0.002942
0.002942
0.002941
0.002941
0.002941
0.002940
0.002940
0.002940
0.002939
0.002939
0.002939
0.002938
0.002938
0.002938
0.002937
0.002937
0.002937
0.002936
0.002936
0.002936
0.002935
0.002935
0.002935
0.002934
0.002934
0.002934
0.002933
0.002933
0.002933
0.002932
0.002932
0.002932
0.002931
0.002931
0.002931
0.002930
0.002930
0.002930
0.002929
0.002929
0.002929
0.002928
0.002928
0.002928
0.002927
0.002927
0.002927
0.002926
0.002926
0.002926
0.002925
0.002925
0.002925
0.002924
0.002924
0.002924
0.002923
0.002923
0.002923
0.002922
0.002922
0.002922
0.002921
0.002921
0.002921
0.002920
0.002920
0.002920
0.002919
0.002919
0.002919
0.002918
0.002918
0.002918
0.002917
0.002917
0.002917
0.002916
0.002916
0.002916
0.002915
0.002915
0.002915
0.002914
0.002914
0.002914
0.002913
0.002913
0.002913
0.002912
0.002912
0.002912
0.002911
0.002911
0.002911
0.002910
0.002910
0.002910
0.002909
0.002909
0.002909
0.002908
0.002908
0.002908
0.002907
0.002907
0.002907
0.002907
0.002906
0.002906
0.002906
0.002905
0.002905
0.002905
0.002904
