0.183494
0.182797
0.182116
0.181453
0.180805
0.180172
0.179554
0.178950
0.178359
0.177781
0.177215
0.176661
0.176119
0.175587
0.175065
0.174554
0.174052
0.173560
0.173076
0.172601
0.172134
0.171675
0.171224
0.170780
0.170343
0.169912
0.169489
0.169071
0.168660
0.168254
0.167854
0.167460
0.167070
0.166686
0.166307
0.165932
0.165562
0.165196
0.164834
0.164476
0.164123
0.163773
0.163427
0.163084
0.162745
0.162409
0.162076
0.161746
0.161420
0.161096
0.160775
0.160457
0.160141
0.159828
0.159517
0.159209
0.158903
0.158599
0.158298
0.157998
0.157701
0.157405
0.157112
0.156820
0.156530
0.156242
0.155955
0.155670
0.155387
0.155105
0.154825
0.154546
0.154269
0.153993
0.153719
0.153445
0.153173
0.152902
0.152633
0.152364
0.152097
0.151831
0.151566
0.151302
0.151038
0.150776
0.150515
0.150255
0.149996
0.149737
0.149480
0.149223
0.148968
0.148712
0.148458
0.148205
0.147952
0.147700
0.147449
0.147198
0.146949
0.146700
0.146451
0.146203
0.145956
0.145709
0.145463
0.145218
0.144973
0.144729
0.144485
0.144242
0.143999
0.143757
0.143516
0.143275
0.143034
0.142794
0.142555
0.142315
0.142077
0.141839
0.141601
0.141364
0.141127
0.140890
0.140654
0.140419
0.140184
0.139949
0.139715
0.139481
0.139247
0.139014
0.138781
0.138549
0.138317
0.138086
0.137854
0.137624
0.137393
0.137163
0.136933
0.136704
0.136475
0.136246
0.136018
0.135790
0.135562
0.135334
0.135108
0.134881
0.134655
0.134429
0.134203
0.133978
0.133752
0.133528
0.133303
0.133079
0.132856
0.132632
0.132409
0.132186
0.131964
0.131742
0.131520
0.131299
0.131077
0.130857
0.130636
0.130416
0.130196
0.129976
0.129757
0.129538
0.129320
0.129101
0.128883
0.128665
0.128448
0.128231
0.128014
0.127798
0.127582
0.127366
0.127150
0.126935
0.126720
0.126506
0.126291
0.126077
0.125864
0.125650
0.125437
0.125225
0.125012
0.124800
0.124589
0.124377
0.124166
0.123955
0.123745
0.123535
0.123325
0.123116
0.122907
0.122698
0.122489
0.122281
0.122073
0.121866
0.121658
0.121452
0.121245
0.121039
0.120833
0.120627
0.120422
0.120217
0.120013
0.119809
0.119605
0.119401
0.119198
0.118995
0.118792
0.118590
0.118388
0.118187
0.117986
0.117785
0.117584
0.117384
0.117184
0.116985
0.116785
0.116587
0.116388
0.116190
0.115992
0.115795
0.115598
0.115401
0.115205
0.115009
0.114813
0.114618
0.114423
0.114228
0.114034
0.113840
0.113646
0.113453
0.113260
0.113067
0.112875
0.112683
0.112492
0.112301
0.112110
0.111919
0.111729
0.111540
0.111350
0.111161
0.110973
0.110784
0.110597
0.110409
0.110222
0.110035
0.109848
0.109662
0.109477
0.109291
0.109106
0.108921
0.108737
0.108553
0.108370
0.108186
0.108003
0.107821
0.107639
0.107457
0.107275
0.107094
0.106914
0.106733
0.106553
0.106374
0.106194
0.106016
0.105837
0.105659
0.105481
0.105304
0.105126
0.104950
0.104773
0.104597
0.104422
0.104246
0.104072
0.103897
0.103723
0.103549
0.103376
0.103202
0.103030
0.102857
0.102685
0.102514
0.102342
0.102171
0.102001
0.101831
0.101661
0.101491
0.101322
0.101153
0.100985
0.100817
0.100649
0.100482
0.100315
0.100148
0.099982
0.099816
0.099651
0.099485
0.099321
0.099156
0.098992
0.098828
0.098665
0.098502
0.098339
0.098177
0.098015
0.097853
0.097692
0.097531
0.097370
0.097210
0.097050
0.096891
0.096732
0.096573
0.096414
0.096256
0.096099
0.095941
0.095784
0.095627
0.095471
0.095315
0.095159
0.095004
0.094849
0.094694
0.094540
0.094386
0.094233
0.094079
0.093926
0.093774
0.093622
0.093470
0.093318
0.093167
0.093016
0.092866
0.092715
0.092565
0.092416
0.092267
0.092118
0.091969
0.091821
0.091673
0.091526
0.091379
0.091232
0.091085
0.090939
0.090793
0.090648
0.090503
0.090358
0.090213
0.090069
0.089925
0.089782
0.089638
0.089496
0.089353
0.089211
0.089069
0.088927
0.088786
0.088645
0.088504
0.088364
0.088224
0.088084
0.087945
0.087806
0.087667
0.087529
0.087391
0.087253
0.087115
0.086978
0.086841
0.086705
0.086569
0.086433
0.086297
0.086162
0.086027
0.085892
0.085758
0.085624
0.085490
0.085356
0.085223
0.085090
0.084958
0.084826
0.084694
0.084562
0.084431
0.084300
0.084169
0.084039
0.083908
0.083779
0.083649
0.083520
0.083391
0.083262
0.083134
0.083006
0.082878
0.082750
0.082623
0.082496
0.082370
0.082243
0.082117
0.081992
0.081866
0.081741
0.081616
0.081491
0.081367
0.081243
0.081119
0.080996
0.080873
0.080750
0.080627
0.080505
0.080383
0.080261
0.080139
0.080018
0.079897
0.079776
0.079656
0.079536
0.079416
0.079296
0.079177
0.079058
0.078939
0.078820
0.078702
0.078584
0.078466
0.078349
0.078232
0.078115
0.077998
0.077882
0.077766
0.077650
0.077534
0.077419
0.077304
0.077189
0.077074
0.076960
0.076846
0.076732
0.076618
0.076505
0.076392
0.076279
0.076167
0.076055
0.075943
0.075831
0.075719
0.075608
0.075497
0.075386
0.075276
0.075165
0.075055
0.074946
0.074836
0.074727
0.074618
0.074509
0.074400
0.074292
0.074184
0.074076
0.073968
0.073861
0.073754
0.073647
0.073540
0.073434
0.073328
0.073222
0.073116
0.073011
0.072906
0.072801
0.072696
0.072591
0.072487
0.072383
0.072279
0.072176
0.072072
0.071969
0.071866
0.071763
0.071661
0.071559
0.071457
0.071355
0.071253
0.071152
0.071051
0.070950
0.070849
0.070749
0.070649
0.070549
0.070449
0.070349
0.070250
0.070151
0.070052
0.069953
0.069855
0.069756
0.069658
0.069561
0.069463
0.069366
0.069268
0.069171
0.069075
0.068978
0.068882
0.068786
0.068690
0.068594
0.068498
0.068403
0.068308
0.068213
0.068118
0.068024
0.067930
0.067836
0.067742
0.067648
0.067555
0.067461
0.067368
0.067275
0.067183
0.067090
0.066998
0.066906
0.066814
0.066722
0.066631
0.066540
0.066449
0.066358
0.066267
0.066176
0.066086
0.065996
0.065906
0.065816
0.065727
0.065638
0.065548
0.065459
0.065371
0.065282
0.065194
0.065106
0.065018
0.064930
0.064842
0.064755
0.064667
0.064580
0.064493
0.064407
0.064320
0.064234
0.064148
0.064062
0.063976
0.063890
0.063805
0.063720
0.063634
0.063550
0.063465
0.063380
0.063296
0.063212
0.063128
0.063044
0.062960
0.062877
0.062794
0.062710
0.062627
0.062545
0.062462
0.062380
0.062297
0.062215
0.062133
0.062052
0.061970
0.061889
0.061807
0.061726
0.061645
0.061565
0.061484
0.061404
0.061323
0.061243
0.061163
0.061084
0.061004
0.060925
0.060846
0.060766
0.060688
0.060609
0.060530
0.060452
0.060374
0.060295
0.060217
0.060140
0.060062
0.059985
0.059907
0.059830
0.059753
0.059676
0.059600
0.059523
0.059447
0.059371
0.059295
0.059219
0.059143
0.059067
0.058992
0.058917
0.058842
0.058767
0.058692
0.058617
0.058543
0.058468
0.058394
0.058320
0.058246
0.058172
0.058099
0.058025
0.057952
0.057879
0.057806
0.057733
0.057660
0.057588
0.057515
0.057443
0.057371
0.057299
0.057227
0.057155
0.057084
0.057012
0.056941
0.056870
0.056799
0.056728
0.056657
0.056587
0.056516
0.056446
0.056376
0.056306
0.056236
0.056166
0.056097
0.056027
0.055958
0.055889
0.055820
0.055751
0.055682
0.055614
0.055545
0.055477
0.055409
0.055340
0.055272
0.055205
0.055137
0.055069
0.055002
0.054935
0.054868
0.054801
0.054734
0.054667
0.054600
0.054534
0.054468
0.054401
0.054335
0.054269
0.054203
0.054138
0.054072
0.054007
0.053941
0.053876
0.053811
0.053746
0.053681
0.053617
0.053552
0.053488
0.053423
0.053359
0.053295
0.053231
0.053167
0.053104
0.053040
0.052977
0.052913
0.052850
0.052787
0.052724
0.052661
0.052598
0.052536
0.052473
0.052411
0.052349
0.052287
0.052225
0.052163
0.052101
0.052039
0.051978
0.051917
0.051855
0.051794
0.051733
0.051672
0.051611
0.051551
0.051490
0.051430
0.051369
0.051309
0.051249
0.051189
0.051129
0.051069
0.051009
0.050950
0.050890
0.050831
0.050772
0.050713
0.050654
0.050595
0.050536
0.050478
0.050419
0.050361
0.050302
0.050244
0.050186
0.050128
0.050070
0.050012
0.049955
0.049897
0.049840
0.049782
0.049725
0.049668
0.049611
0.049554
0.049497
0.049440
0.049384
0.049327
0.049271
0.049215
0.049158
0.049102
0.049046
0.048990
0.048935
0.048879
0.048823
0.048768
0.048713
0.048657
0.048602
0.048547
0.048492
0.048437
0.048383
0.048328
0.048274
0.048219
0.048165
0.048111
0.048056
0.048002
0.047948
0.047895
0.047841
0.047787
0.047734
0.047680
0.047627
0.047574
0.047520
0.047467
0.047414
0.047362
0.047309
0.047256
0.047204
0.047151
0.047099
0.047046
0.046994
0.046942
0.046890
0.046838
0.046786
0.046735
0.046683
0.046632
0.046580
0.046529
0.046478
0.046426
0.046375
0.046324
0.046273
0.046223
0.046172
0.046121
0.046071
0.046020
0.045970
0.045920
0.045870
0.045820
0.045770
0.045720
0.045670
0.045620
0.045571
0.045521
0.045472
0.045422
0.045373
0.045324
0.045275
0.045226
0.045177
0.045128
0.045079
0.045031
0.044982
0.044934
0.044885
0.044837
0.044789
0.044741
0.044693
0.044645
0.044597
0.044549
0.044501
0.044454
0.044406
0.044359
0.044311
0.044264
0.044217
0.044170
0.044123
0.044076
0.044029
0.043982
0.043935
0.043889
0.043842
0.043796
0.043749
0.043703
0.043657
0.043611
0.043564
0.043519
0.043473
0.043427
0.043381
0.043335
0.043290
0.043244
0.043199
0.043154
0.043108
0.043063
0.043018
0.042973
0.042928
0.042883
0.042838
0.042794
0.042749
0.042704
0.042660
0.042616
0.042571
0.042527
0.042483
0.042439
0.042395
0.042351
0.042307
0.042263
0.042219
0.042176
0.042132
0.042089
0.042045
0.042002
0.041958
0.041915
0.041872
0.041829
0.041786
0.041743
0.041700
0.041658
0.041615
0.041572
0.041530
0.041487
0.041445
0.041403
0.041360
0.041318
